TPCSVapollo801-1600-4.in
800 4 999
1	(-0.157046206,-0.042496508,-0.13315998)
2	(-0.161435882,-0.220393917,-0.138910106)
3	(-0.159561946,-0.241599679,-0.134218333)
4	(-0.151086609,-0.072993514,-0.138373262)
5	(-0.157662735,-0.054919361,-0.133781507)
6	(-0.164704911,-0.186030947,-0.138957005)
7	(-0.150336016,-0.06701872,-0.138071633)
8	(0.105387321,1.899149702,0.754287324)
9	(-0.166612116,-0.252557304,-0.138974016)
10	(-0.146089814,-0.241352634,-0.123617633)
11	(-0.16644957,-0.255691013,-0.138924278)
12	(-0.164565337,-0.179141605,-0.13885321)
13	(-0.1665753,-0.258769327,-0.138692645)
14	(-0.166627813,-0.25387646,-0.138974593)
15	(-0.16659646,-0.257202321,-0.138919632)
16	(-0.157203649,-0.064121443,-0.132602578)
17	(-0.161749129,-0.150689718,-0.138762766)
18	(-0.163023554,-0.220959273,-0.137712824)
19	(-0.162834709,-0.220751969,-0.13771283)
20	(-0.162826121,-0.22119981,-0.137712826)
21	(-0.16283612,-0.220971164,-0.137712604)
22	(-0.164600431,-0.229297186,-0.138947783)
23	(-0.165589574,-0.211890318,-0.1389498)
24	(-0.165964316,-0.176424632,-0.138899819)
25	(-0.163974532,-0.242728112,-0.137263712)
26	(-0.150523284,-0.052944392,-0.132606982)
27	(-0.152931577,-0.063422151,-0.138896839)
28	(-0.163959242,-0.255732651,-0.134542327)
29	(-0.155459778,-0.016703542,-0.133343624)
30	(-0.068246907,0.611524128,0.023750958)
31	(-0.164859035,-0.212885814,-0.138822681)
32	(-0.166574048,-0.257367364,-0.138765603)
33	(-0.148411309,-0.054011277,-0.137030932)
34	(-0.148368685,-0.057872159,-0.137268628)
35	(-0.142345213,0.027807343,-0.136506244)
36	(-0.161998328,-0.199791995,-0.130693265)
37	(-0.163158772,-0.181645333,-0.138610494)
38	(-0.166661642,-0.259138961,-0.138975494)
39	(-0.166661047,-0.259155028,-0.138973583)
40	(-0.166539867,-0.259118282,-0.13854121)
41	(-0.16666187,-0.259157844,-0.138975446)
42	(-0.16666093,-0.259167417,-0.138975405)
43	(-0.166660833,-0.259166713,-0.138975443)
44	(-0.157661013,-0.054803289,-0.133781517)
45	(-0.166577333,-0.259112271,-0.138635513)
46	(-0.166659706,-0.259153805,-0.138969412)
47	(-0.165414705,-0.223672109,-0.136466969)
48	(-0.063607768,0.368194311,0.176145682)
49	(-0.160407192,-0.254123096,-0.134021102)
50	(-0.157025294,-0.061364189,-0.132601501)
51	(-0.160278903,-0.090438945,-0.138753608)
52	(-0.156257255,-0.016636834,-0.133347599)
53	(-0.166623498,-0.253548921,-0.138974537)
54	(-0.166621029,-0.253878761,-0.13897428)
55	(-0.15649102,-0.062903051,-0.132499686)
56	(-0.152872592,-0.062244512,-0.138905442)
57	(-0.164804993,-0.033020277,-0.138928435)
58	(-0.166656234,-0.259170467,-0.138942857)
59	(-0.166656089,-0.259172553,-0.138934905)
60	(-0.165938675,-0.258394926,-0.138745646)
61	(-0.152104746,-0.070342785,-0.112541977)
62	(-0.165604323,-0.258822874,-0.138410561)
63	(-0.157992564,-0.080900523,-0.133501419)
64	(-0.159527128,-0.15154251,-0.137147023)
65	(-0.163937481,-0.148229513,-0.138432637)
66	(-0.109654366,-0.048641971,-0.041222056)
67	(-0.137071144,-0.092567047,-0.138672396)
68	(-0.153396901,-0.222783717,-0.13853719)
69	(-0.157224256,-0.064420483,-0.133598915)
70	(-0.15627381,-0.042154721,-0.133155686)
71	(-0.152967868,-0.072004904,-0.133505143)
72	(-0.162962977,-0.140473092,-0.13830999)
73	(-0.166660072,-0.25932069,-0.138967099)
74	(-0.166541603,-0.257789178,-0.138913621)
75	(-0.166592581,-0.257187692,-0.138917992)
76	(-0.166655771,-0.259158231,-0.138974174)
77	(-0.166644423,-0.258871563,-0.138964701)
78	(-0.162479315,-0.199628589,-0.133234467)
79	(-0.15710042,-0.042706053,-0.133159979)
80	(-0.165484692,-0.211792869,-0.138941711)
81	(-0.160791727,-0.127548137,-0.138749997)
82	(-0.15768265,-0.078908741,-0.133500566)
83	(-0.166641948,-0.259106721,-0.138967026)
84	(-0.166617703,-0.252735675,-0.138974398)
85	(-0.16659729,-0.25855134,-0.138919637)
86	(-0.166623111,-0.253894344,-0.138974313)
87	(-0.139885547,0.042327397,-0.133450193)
88	(0.08508057,1.574735439,-0.093978687)
89	(-0.161947647,-0.153403923,-0.138763415)
90	(-0.166633262,-0.258818215,-0.138929874)
91	(-0.166661773,-0.259176261,-0.138975452)
92	(-0.164598944,-0.210558308,-0.137805329)
93	(-0.156337014,-0.064508456,-0.133598914)
94	(-0.164203857,-0.245191266,-0.137570252)
95	(-0.166596792,-0.257607428,-0.138907253)
96	(-0.086168779,-0.072017886,0.198190358)
97	(-0.141936641,-0.047244748,-0.091611506)
98	(-0.166637771,-0.259027146,-0.138953345)
99	(-0.155049686,-0.060808796,-0.132596856)
100	(-0.166604475,-0.25787106,-0.138914623)
101	(-0.16666075,-0.25913732,-0.138975494)
102	(-0.166624307,-0.258929598,-0.138936982)
103	(-0.163839514,-0.23154523,-0.130029189)
104	(-0.15399747,-0.036047138,-0.132215244)
105	(-0.155663947,-0.054894433,-0.133781516)
106	(-0.150580624,-0.045382754,-0.133784689)
107	(0.594585417,1.340826804,0.164198281)
108	(0.042794977,0.884370983,-0.001077161)
109	(-0.16663616,-0.259046131,-0.138939464)
110	(0.146896218,0.683623404,0.406138092)
111	(-0.166534356,-0.257775661,-0.138912505)
112	(-0.158143293,-0.087151272,-0.13874211)
113	(-0.154928858,-0.061219162,-0.132601512)
114	(-0.166637467,-0.258848205,-0.138928226)
115	(-0.161031459,-0.244388049,-0.130344745)
116	(-0.158739492,-0.156007137,-0.106377421)
117	(-0.166624238,-0.253889955,-0.138974593)
118	(-0.164601344,-0.210699959,-0.137805565)
119	(-0.12227771,-0.096911308,-0.092599046)
120	(-0.155924086,-0.052793342,-0.133780704)
121	(0.332409823,0.905589486,0.177549475)
122	(-0.155026755,-0.037587405,-0.133365984)
123	(-0.163355181,-0.190823364,-0.138114466)
124	(-0.159767117,-0.151786354,-0.136963525)
125	(-0.153049348,-0.229580708,-0.130465995)
126	(-0.16666066,-0.259165333,-0.138975484)
127	(-0.166618443,-0.253719084,-0.13897427)
128	(-0.166209802,-0.228283273,-0.138920526)
129	(-0.152839572,-0.214235328,-0.124156351)
130	(-0.160977411,-0.244461386,-0.137415124)
131	(-0.166589185,-0.257195234,-0.138916908)
132	(-0.161091745,-0.130482495,-0.138750929)
133	(-0.166653427,-0.258957228,-0.13897541)
134	(-0.156814004,-0.078246508,-0.133496652)
135	(-0.166284804,-0.228838376,-0.138920527)
136	(-0.149295363,-0.059507688,-0.138674844)
137	(-0.166616963,-0.259106783,-0.13897546)
138	(-0.166661649,-0.259175838,-0.138975278)
139	(0.239682977,1.365308272,0.268415227)
140	(-0.157528299,-0.21465879,-0.129935492)
141	(-0.151414197,-0.054671705,-0.133602237)
142	(-0.166651878,-0.25897556,-0.138933864)
143	(-0.166413348,-0.229039569,-0.13895773)
144	(-0.157006382,-0.064498264,-0.133598915)
145	(-0.166300743,-0.258777951,-0.138808046)
146	(-0.156140812,-0.037570673,-0.133365984)
147	(-0.158099569,-0.078816881,-0.133500563)
148	(-0.166643303,-0.259119806,-0.138969989)
149	(-0.166661946,-0.25917222,-0.13897548)
150	(-0.164690562,-0.255641834,-0.136908893)
151	(-0.165226005,-0.251412508,-0.138081688)
152	(-0.166624217,-0.253904199,-0.138974593)
153	(-0.166661656,-0.259184825,-0.138975506)
154	(-0.156346868,-0.062134155,-0.133598077)
155	(-0.148668904,-0.230849411,-0.1192323)
156	(-0.166577776,-0.258729547,-0.138873286)
157	(-0.166583114,-0.258734521,-0.138872293)
158	(-0.166660826,-0.259167165,-0.138975424)
159	(-0.166615981,-0.253377971,-0.138974206)
160	(0.094768878,0.692133006,0.093262806)
161	(-0.160715356,-0.164683404,-0.129269143)
162	(-0.155141712,-0.05744281,-0.132148108)
163	(-0.164947168,-0.169087813,-0.137486778)
164	(-0.15961569,-0.090853305,-0.138743339)
165	(-0.166656103,-0.258991299,-0.138974959)
166	(-0.161617403,-0.169406616,-0.129494313)
167	(0.58501775,1.355456793,0.165749678)
168	(-0.093753949,0.114103208,-0.08804343)
169	(0.000833286,0.96811815,-0.004467543)
170	(-0.1576408,-0.052674313,-0.133776962)
171	(-0.166661462,-0.259129814,-0.138975494)
172	(-0.166602504,-0.25848135,-0.138909218)
173	(-0.166473033,-0.22844665,-0.138969861)
174	(-0.16660814,-0.258775378,-0.138926457)
175	(-0.166112279,-0.170510812,-0.138961606)
176	(-0.164152174,-0.175394195,-0.138585099)
177	(-0.157404878,-0.059359057,-0.13332207)
178	(-0.151852089,-0.02723287,-0.13336962)
179	(-0.160153754,-0.119281537,-0.138748753)
180	(-0.156473732,-0.037746654,-0.133365983)
181	(-0.165723685,-0.239294281,-0.138959795)
182	(-0.166594109,-0.258678652,-0.138922502)
183	(-0.157152359,-0.05309412,-0.133780704)
184	(-0.15999723,-0.246659276,-0.133060754)
185	(-0.164900636,-0.209564526,-0.138499619)
186	(-0.166591163,-0.257172168,-0.138914012)
187	(-0.166246916,-0.228130168,-0.138621595)
188	(-0.166625282,-0.259087081,-0.138972465)
189	(-0.166625372,-0.253709883,-0.138974565)
190	(-0.166557238,-0.25842725,-0.138844028)
191	(-0.165440823,-0.213317313,-0.138921253)
192	(-0.166328984,-0.22866254,-0.138621596)
193	(-0.165299333,-0.252025228,-0.137406456)
194	(-0.15691338,-0.035169533,-0.13336505)
195	(0.244244459,0.240709287,0.031961566)
196	(0.107478599,0.252803817,-0.03222321)
197	(-0.149009555,0.307250019,-0.026578222)
198	(-0.166661628,-0.259166808,-0.138975485)
199	(-0.16666028,-0.259169286,-0.138975485)
200	(-0.166662174,-0.259174746,-0.138975486)
201	(-0.166621984,-0.253388649,-0.138974205)
202	(-0.166622558,-0.259270112,-0.138919601)
203	(-0.157772816,-0.059506742,-0.13332207)
204	(-0.16152573,-0.12239088,-0.138749679)
205	(-0.166661856,-0.259166367,-0.138975484)
206	(4.468098105,1.278950786,0.225630921)
207	(-0.157457467,-0.062230175,-0.133594284)
208	(-0.165449647,-0.213120981,-0.138923542)
209	(-0.166606134,-0.258691803,-0.138920273)
210	(-0.166608762,-0.258536673,-0.138890614)
211	(-0.166616535,-0.258784574,-0.138922847)
212	(-0.166189071,-0.228561894,-0.138918987)
213	(-0.154550139,-0.023733435,-0.132046768)
214	(-0.166645039,-0.258613136,-0.138975305)
215	(-0.160497565,-0.16730846,-0.128973465)
216	(0.267098379,0.596644635,0.188136751)
217	(-0.156481851,-0.059267884,-0.13332207)
218	(-0.151487525,-0.049441876,-0.133325958)
219	(-0.166582692,-0.258336315,-0.138911181)
220	(-0.165022639,-0.249785855,-0.138135025)
221	(-0.156714198,-0.062294358,-0.133598077)
222	(0.184588292,2.020160246,0.69661408)
223	(-0.158923862,-0.146047882,-0.132043172)
224	(-0.166350449,-0.229214085,-0.138918988)
225	(0.222484721,0.129736602,0.218608283)
226	(-0.044132862,0.01022955,0.254647904)
227	(-0.166643047,-0.259024594,-0.138960134)
228	(-0.160892238,-0.132429756,-0.138743597)
229	(-0.166604357,-0.259116325,-0.138831496)
230	(-0.166618084,-0.259086798,-0.138944196)
231	(-0.166629369,-0.258907078,-0.138942203)
232	(-0.166637757,-0.258938814,-0.138958549)
233	(-0.166626479,-0.258908485,-0.138950577)
234	(0.147953419,1.785390597,0.103333055)
235	(-0.166478959,-0.229130783,-0.138970677)
236	(-0.129596069,-0.104938683,-0.08250517)
237	(-0.166661199,-0.25917358,-0.138970618)
238	(-0.154088203,-0.091352482,-0.138040622)
239	(-0.16631893,-0.22969598,-0.138750604)
240	(-0.16291166,-0.148133451,-0.137534948)
241	(-0.155740455,-0.025608042,-0.133255029)
242	(-0.163813693,-0.170129714,-0.138312814)
243	(-0.156253853,-0.056778946,-0.133321157)
244	(-0.166643123,-0.25899304,-0.138959713)
245	(-0.132295412,-0.100804222,-0.113192561)
246	(-0.166633318,-0.259064404,-0.138944607)
247	(-0.166588888,-0.258839004,-0.138832002)
248	(-0.166633767,-0.258998054,-0.138946968)
249	(-0.166634874,-0.258923559,-0.138947765)
250	(-0.166639569,-0.258947278,-0.138958001)
251	(-0.025559691,1.302777836,0.155950819)
252	(-0.161462816,-0.244510252,-0.134613987)
253	(-0.164323827,-0.208180203,-0.137693948)
254	(-0.166648462,-0.258950459,-0.138952406)
255	(-0.166657873,-0.259151947,-0.138965269)
256	(-0.16597601,-0.248797965,-0.138781264)
257	(-0.166656877,-0.259151567,-0.138964522)
258	(-0.166656836,-0.259152419,-0.138969118)
259	(-0.166658869,-0.259150857,-0.138969667)
260	(-0.16665815,-0.259150451,-0.138965975)
261	(-0.166651802,-0.259309506,-0.138972319)
262	(-0.166617185,-0.253402141,-0.138974509)
263	(-0.160761362,-0.135185753,-0.138744413)
264	(-0.166569553,-0.257104315,-0.138909511)
265	(-0.157319891,-0.243197866,-0.136665704)
266	(-0.154836804,-0.025398519,-0.13325503)
267	(-0.166613126,-0.253396148,-0.138974198)
268	(-0.160324902,-0.164078112,-0.129260228)
269	(-0.166275406,-0.248283907,-0.138970204)
270	(-0.146982394,-0.06126487,-0.133432574)
271	(-0.160243007,-0.174083535,-0.138057822)
272	(-0.120879236,-0.127594935,-0.112083997)
273	(-0.166190862,-0.228545451,-0.138954274)
274	(-0.166428486,-0.22948212,-0.13897067)
275	(-0.159155359,-0.225158278,-0.133652033)
276	(-0.166545427,-0.257732899,-0.138944617)
277	(-0.166605014,-0.259331678,-0.138902495)
278	(-0.166646166,-0.259317686,-0.138926265)
279	(-0.164817289,-0.257805208,-0.137964841)
280	(-0.039972034,0.279639973,0.158381714)
281	(-0.166660307,-0.25916589,-0.138975483)
282	(-0.159514965,-0.13515808,-0.138091714)
283	(0.920775224,2.036412046,0.541573377)
284	(-0.166517123,-0.256814617,-0.138941479)
285	(-0.154223995,-0.025595357,-0.13325503)
286	(-0.154166925,-0.034752571,-0.133361281)
287	(-0.166660349,-0.259164042,-0.138975484)
288	(-0.16553973,-0.239412114,-0.138959797)
289	(-0.160770663,-0.169179772,-0.129309745)
290	(0.056753108,1.027933142,0.156507492)
291	(-0.16587747,-0.252652802,-0.138321782)
292	(-0.166604094,-0.258509503,-0.13890848)
293	(0.411822216,-0.179078762,-0.08689994)
294	(0.101034261,-0.061129154,0.02445166)
295	(-0.159604093,-0.144306529,-0.134304797)
296	(-0.147608072,-0.01412225,-0.133259341)
297	(-0.159247191,-0.141543963,-0.138099519)
298	(-0.153303955,-0.068478052,-0.131205949)
299	(-0.166614543,-0.259117134,-0.13897546)
300	(-0.166133723,-0.227944121,-0.138917051)
301	(1.533956525,12.37071879,2.201441445)
302	(0.645873527,5.441574525,1.013814114)
303	(-0.136530854,-0.237155285,-0.124945265)
304	(-0.166260566,-0.228522028,-0.138917052)
305	(-0.163842958,-0.255989006,-0.13454877)
306	(-0.165158894,-0.237616538,-0.138581063)
307	(-0.166660238,-0.259173873,-0.138972083)
308	(2.073641216,2.274086189,1.117040283)
309	(-0.160204261,-0.14366184,-0.138184261)
310	(-0.166254986,-0.229138096,-0.138760459)
311	(-0.16062564,-0.171563138,-0.133036073)
312	(-0.164680736,-0.250027809,-0.136632428)
313	(-0.166641083,-0.259106852,-0.138973823)
314	(-0.053388637,0.605176302,0.023750958)
315	(-0.027474903,0.162167771,0.078404736)
316	(-0.166650792,-0.258975581,-0.138933864)
317	(-0.165105745,-0.237843064,-0.138774069)
318	(-0.153559171,-0.022519573,-0.133254082)
319	(-0.166296027,-0.258099558,-0.138796514)
320	(-0.165890353,-0.256728605,-0.138723446)
321	(-0.154524442,-0.069870824,-0.132565301)
322	(-0.166484767,-0.25806004,-0.138864219)
323	(-0.153842759,-0.034552597,-0.13336505)
324	(-0.164728796,-0.252631186,-0.138463574)
325	(-0.165605236,-0.25497553,-0.138704063)
326	(0.730981879,-0.028983168,0.406320355)
327	(-0.158799743,-0.121788976,-0.138736363)
328	(-0.164960037,-0.25562638,-0.138179273)
329	(0.133527606,0.273284017,0.076940504)
330	(-0.166624425,-0.258898957,-0.138959601)
331	(-0.166417076,-0.258546346,-0.138707767)
332	(-0.166425816,-0.258350231,-0.138656713)
333	(-0.166593507,-0.258910702,-0.138943973)
334	(-0.166660819,-0.25917487,-0.13897548)
335	(-0.166603016,-0.252880833,-0.138974064)
336	(-0.166652659,-0.259309541,-0.138973054)
337	(-0.166614986,-0.253572497,-0.138974537)
338	(-0.163609041,-0.211188993,-0.138887587)
339	(-0.159472368,-0.163319867,-0.129249965)
340	(-0.159642002,-0.124955023,-0.138737207)
341	(-0.166570729,-0.257203456,-0.138918605)
342	(-0.166661663,-0.259183092,-0.138975506)
343	(-0.108824768,-0.078081381,-0.102322112)
344	(-0.161684604,-0.234726026,-0.135242976)
345	(-0.164284854,-0.210967726,-0.138286599)
346	(-0.163635325,-0.14556904,-0.136487801)
347	(-0.166515208,-0.258489539,-0.138621102)
348	(-0.166553649,-0.258655196,-0.138694177)
349	(-0.166613824,-0.259005068,-0.138939154)
350	(-0.166633912,-0.258928341,-0.13895691)
351	(-0.154181232,-0.069780528,-0.132565299)
352	(-0.153299426,-0.228689306,-0.129477183)
353	(-0.166660791,-0.259134771,-0.138975495)
354	(-0.153703102,-0.05557601,-0.133317406)
355	(-0.166657998,-0.259154929,-0.138968778)
356	(-0.166655799,-0.259147873,-0.138962351)
357	(-0.166622869,-0.258521829,-0.138902286)
358	(-0.166633345,-0.25872916,-0.138917629)
359	(-0.162589783,-0.17194115,-0.138481572)
360	(-0.147393027,-0.05893521,-0.132570153)
361	(-0.165576905,-0.174718949,-0.138936809)
362	(-0.166640495,-0.259103126,-0.138973823)
363	(-0.161087243,-0.154016582,-0.138822671)
364	(-0.154144257,-0.069695257,-0.132565298)
365	(-0.165164779,-0.241317126,-0.138273845)
366	(-0.166296248,-0.259361406,-0.138934022)
367	(-0.156350975,-0.239476149,-0.13359406)
368	(-0.165490681,-0.148105786,-0.138943834)
369	(-0.158129241,-0.016781595,-0.138663605)
370	(0.526967677,-0.034042796,0.111252292)
371	(0.081474803,0.696665683,0.083073488)
372	(-0.163441122,-0.20892767,-0.136824806)
373	(-0.154590973,-0.058800866,-0.132318233)
374	(1.147601745,0.943408508,0.251669513)
375	(-0.155200096,-0.067506462,-0.132564227)
376	(-0.155292385,-0.056704977,-0.133321157)
377	(-0.16661641,-0.253724021,-0.138974251)
378	(-0.166619612,-0.253741668,-0.138974565)
379	(-0.161040172,-0.135094939,-0.138312941)
380	(-0.16464596,-0.212413269,-0.138547405)
381	(-0.155986315,-0.060469663,-0.133474726)
382	(-0.166267481,-0.22852437,-0.138959739)
383	(-0.166578882,-0.257158477,-0.138918951)
384	(-0.159731573,-0.13344013,-0.138767829)
385	(-0.163201866,-0.239927967,-0.13708209)
386	(-0.160584101,-0.136172708,-0.138768589)
387	(-0.164922391,-0.20767822,-0.138958434)
388	(-0.15329175,-0.021917883,-0.13325018)
389	(-0.157415797,-0.161898722,-0.133884046)
390	(-0.166424973,-0.259344561,-0.127994627)
391	(-0.166661206,-0.259134032,-0.138975495)
392	(-0.166411384,-0.254447316,-0.138941997)
393	(-0.150891485,0.043624857,-0.137880154)
394	(-0.148502755,-0.050749989,-0.133478807)
395	(-0.16116927,-0.161779866,-0.135895773)
396	(-0.161902748,-0.257932246,-0.137034908)
397	(-0.16568987,-0.246567725,-0.138165978)
398	(-0.165187509,-0.224561545,-0.137653806)
399	(-0.154829613,-0.060191929,-0.133474726)
400	(-0.166515152,-0.241121803,-0.138972649)
401	(-0.154485054,-0.060214952,-0.133474726)
402	(-0.166096464,-0.246038084,-0.138918747)
403	(-0.034176656,0.278899032,0.15668296)
404	(-0.166446693,-0.255010583,-0.138942189)
405	(-0.139059767,-0.038797025,-0.104488436)
406	(-0.162812422,-0.195491034,-0.135347188)
407	(-0.152644483,-0.021950365,-0.133254083)
408	(-0.164751042,-0.217543146,-0.138887627)
409	(-0.158373669,-0.222064686,-0.123065989)
410	(-0.153950399,-0.05754033,-0.13347385)
411	(-0.166633511,-0.258623677,-0.138967)
412	(-0.162143144,-0.165018093,-0.137254378)
413	(-0.150166375,0.044295819,-0.137888645)
414	(0.012737357,0.08793569,0.142315447)
415	(-0.1666614,-0.259176145,-0.138975483)
416	(-0.166335996,-0.233239216,-0.138970871)
417	(-0.166491489,-0.258257015,-0.138802907)
418	(-0.166086444,-0.245886,-0.138918739)
419	(-0.153140724,-0.054175923,-0.132636233)
420	(-0.166611258,-0.254063931,-0.138974331)
421	(-0.156552758,-0.084172419,-0.138761381)
422	(-0.164276078,-0.210164798,-0.138340393)
423	(-0.162887969,-0.079272757,-0.120150679)
424	(-0.157749499,-0.087591355,-0.138762632)
425	(1.690049322,4.451535938,1.030358007)
426	(-0.166602421,-0.259246257,-0.138818387)
427	(-0.166497367,-0.258966558,-0.138866369)
428	(-0.156030136,-0.214429316,-0.130708168)
429	(2.847929872,4.197180225,2.267163369)
430	(-0.163413434,-0.242196481,-0.137441313)
431	(-0.165561118,-0.240830921,-0.1388307)
432	(-0.161355992,-0.20687435,-0.131321386)
433	(-0.16666066,-0.259132647,-0.138975494)
434	(-0.161750712,-0.25856897,-0.093852231)
435	(-0.166528948,-0.258939239,-0.138870479)
436	(8.131573174,3.3760406,2.108481711)
437	(-0.166643213,-0.258936856,-0.13897303)
438	(2.719947797,4.197933146,2.266954498)
439	(-0.166663218,-0.259334155,-0.138975513)
440	(-0.166614771,-0.259100678,-0.13897546)
441	(-0.164103332,-0.210981601,-0.138258023)
442	(-0.166649706,-0.258975508,-0.138933864)
443	(-0.158175759,-0.219121124,-0.128231014)
444	(-0.137929965,0.191937481,-0.027201318)
445	(-0.166660369,-0.259176002,-0.13897548)
446	(-0.153305663,-0.065740949,-0.13255951)
447	(0.199845494,0.979835381,0.687104898)
448	(-0.165235092,-0.226438405,-0.136623908)
449	(-0.166661808,-0.259187912,-0.138975506)
450	(-0.166661151,-0.259135682,-0.138975495)
451	(-0.163695224,-0.232378956,-0.129968776)
452	(-0.159365847,-0.242383647,-0.137206494)
453	(-0.157040106,-0.218836685,-0.131280382)
454	(-0.164183126,-0.245714408,-0.13776017)
455	(-0.008858617,2.160338464,-0.104589182)
456	(-0.154433128,-0.055904293,-0.133736535)
457	(-0.16014724,-0.244291239,-0.130288698)
458	(-0.166640696,-0.259120125,-0.138971003)
459	(11.57860836,5.306268082,11.32373418)
460	(-0.165624654,-0.176707573,-0.138778187)
461	(-0.158261195,-0.224624764,-0.130111074)
462	(-0.166569422,-0.25720018,-0.13891913)
463	(-0.163558077,-0.022863772,-0.138846856)
464	(0.181859456,0.353700513,0.07715366)
465	(-0.166504123,-0.255715822,-0.138965604)
466	(-0.148105399,-0.045798017,-0.133740174)
467	(-0.154049265,-0.055878479,-0.133736253)
468	(-0.153889747,-0.055848642,-0.133736255)
469	(-0.1536268,-0.06626414,-0.13256431)
470	(1.240150791,2.262678394,0.890086034)
471	(-0.164812856,-0.142938607,-0.138916765)
472	(-0.165952609,-0.251014461,-0.13839548)
473	(11.96667909,5.420259562,11.89389135)
474	(-0.020098541,1.106773331,0.1562121)
475	(0.703903298,1.398997806,0.163586236)
476	(8.553330065,3.367806841,2.108336217)
477	(3.00177343,4.196280247,2.266789801)
478	(-0.163856131,-0.24462272,-0.130277175)
479	(-0.166624141,-0.25354586,-0.138974537)
480	(-0.157565142,-0.054157225,-0.133735434)
481	(-0.163936637,-0.102447163,-0.138588058)
482	(-0.164456977,-0.140321904,-0.137794468)
483	(-0.163994807,-0.206891822,-0.123383065)
484	(-0.161676424,-0.253670979,-0.138126284)
485	(-0.166645723,-0.258936292,-0.13897303)
486	(8.808339412,3.374335754,2.10798597)
487	(-0.166620144,-0.253877641,-0.138974299)
488	(-0.166647438,-0.258938477,-0.13897303)
489	(-0.166661206,-0.259168726,-0.138975434)
490	(-0.15510215,-0.032981623,-0.132592327)
491	(-0.164736022,-0.210866115,-0.137805318)
492	(-0.156360442,-0.057846583,-0.133469913)
493	(-0.158847678,-0.218337314,-0.13189572)
494	(-0.166656635,-0.258987378,-0.138975044)
495	(-0.164432021,-0.239516507,-0.136683408)
496	(-0.159987611,-0.099586832,-0.138758286)
497	(-0.159353953,-0.160595865,-0.12861166)
498	(0.003177677,-0.098356548,0.213186993)
499	(-0.16541848,-0.212133575,-0.138941719)
500	(-0.162006633,-0.227743535,-0.130712156)
501	(0.590682342,1.345693859,0.164131868)
502	(-0.165923013,-0.253729134,-0.138613814)
503	(-0.165824307,-0.246665974,-0.138165978)
504	(0.191448788,-0.120916636,0.090320727)
505	(-0.152921122,-0.024740969,-0.13371098)
506	(-0.166636519,-0.259234181,-0.138960026)
507	(-0.162235959,-0.245867269,-0.131599018)
508	(-0.157591198,-0.035042863,-0.133707229)
509	(-0.166625884,-0.259091991,-0.138972992)
510	(-0.166661891,-0.259135517,-0.138975494)
511	(-0.165609876,-0.104661041,-0.13893851)
512	(-0.166507829,-0.254702037,-0.138625337)
513	(-0.166242061,-0.228428434,-0.138621362)
514	(-0.15960457,-0.095951658,-0.138757129)
515	(-0.127805328,0.003045587,-0.118559707)
516	(-0.166350172,-0.257769956,-0.138808053)
517	(-0.166564803,-0.255955847,-0.138938102)
518	(-0.166587955,-0.257173084,-0.138918393)
519	(-0.157205426,-0.058054011,-0.133473849)
520	(-0.166660819,-0.25900973,-0.13897546)
521	(-0.164338432,-0.238412845,-0.134045802)
522	(-0.157418577,-0.032504081,-0.133706364)
523	(-0.164675356,-0.210183171,-0.137804634)
524	(-0.162830519,-0.228422882,-0.127637154)
525	(-0.166624259,-0.253887016,-0.138974593)
526	(-0.166619155,-0.253717569,-0.138974271)
527	(-0.166400389,-0.252662869,-0.13552541)
528	(-0.120840221,-0.097602495,-0.122775635)
529	(-0.156605078,-0.034894895,-0.133707233)
530	(-0.166310874,-0.229003703,-0.138621363)
531	(-0.15845006,-0.12986362,-0.130307937)
532	(-0.16497525,-0.249782692,-0.138135025)
533	(-0.160381599,-0.066217271,-0.138210331)
534	(-0.156327284,-0.034784628,-0.13370723)
535	(-0.166661815,-0.259176876,-0.138975481)
536	(-0.153286868,-0.090943139,-0.138054584)
537	(0.931511888,5.571855794,1.226888648)
538	(-0.166661656,-0.259175161,-0.138975334)
539	(-0.161596395,-0.15488577,-0.138834888)
540	(-0.166265884,-0.227807768,-0.138615132)
541	(-0.166412325,-0.228889615,-0.138966338)
542	(-0.159171831,-0.21787475,-0.136084373)
543	(-0.166323549,-0.228333561,-0.138615133)
544	(-0.157256867,-0.054059458,-0.133731571)
545	(-0.152442936,-0.016250154,-0.133653543)
546	(-0.160704935,-0.105200684,-0.138755808)
547	(-0.159713054,-0.101566966,-0.13875468)
548	(-0.166661545,-0.259173441,-0.13897135)
549	(-0.155257954,-0.024448934,-0.132525093)
550	(-0.166661545,-0.2591758,-0.138975482)
551	(-0.159466524,-0.222954215,-0.13287829)
552	(-0.166636692,-0.256518898,-0.138975208)
553	(-0.166369942,-0.230041434,-0.138963559)
554	(-0.149078976,-0.058502436,-0.133682953)
555	(-0.162965031,0.083235785,-0.138850444)
556	(-0.166661455,-0.259135194,-0.138975494)
557	(-0.155061953,-0.02629842,-0.133649632)
558	(-0.155341938,-0.026569672,-0.133649636)
559	(-0.154998417,-0.023575043,-0.133648762)
560	(-0.156059421,-0.053711327,-0.133735429)
561	(-0.155045744,-0.026334698,-0.133649635)
562	(2.063271017,0.807088475,0.233556425)
563	(-0.166451264,-0.259341837,-0.127997147)
564	(-0.165763136,-0.250055845,-0.138219367)
565	(1.67288179,4.541763668,0.178095719)
566	(2.51424013,5.988359204,1.235519353)
567	(-0.156189411,-0.053949495,-0.13373157)
568	(-0.166649222,-0.257286781,-0.138974565)
569	(-0.152144204,0.039316517,-0.137879834)
570	(-0.166150505,-0.255867103,-0.138805326)
571	(2.425323157,6.082990075,3.253899968)
572	(-0.129049783,0.275786427,-0.137506084)
573	(-0.163554516,-0.258316363,-0.109093701)
574	(-0.166659457,-0.259000061,-0.138975466)
575	(-0.153260079,-0.112438371,-0.113922604)
576	(-0.163441011,-0.233304467,-0.131391072)
577	(-0.157509635,-0.054155263,-0.13373544)
578	(-0.166537972,-0.256054752,-0.138866824)
579	(-0.166628705,-0.253876429,-0.138974593)
580	(0.62668575,-0.026937125,0.406365902)
581	(-0.15973241,-0.145759368,-0.133905274)
582	(0.194787162,0.699073007,0.107509056)
583	(0.562082515,0.653447015,0.185658949)
584	(0.583619442,0.679535347,0.18565787)
585	(0.197470172,0.66149528,0.11929977)
586	(-0.166655909,-0.259313165,-0.13897304)
587	(-0.166626326,-0.259117522,-0.13897546)
588	(-0.147078625,0.038544129,-0.136158273)
589	(-0.113340514,1.306353351,0.196137595)
590	(-0.166119789,-0.258240756,-0.138678384)
591	(-0.166215231,-0.238421518,-0.138875463)
592	(-0.157593563,-0.033123698,-0.13370278)
593	(-0.166230396,-0.242728958,-0.138811847)
594	(-0.166652396,-0.258974252,-0.138933864)
595	(-0.166662326,-0.259170208,-0.138975482)
596	(-0.15923666,-0.166348013,-0.128971199)
597	(-0.138514844,-0.08959244,-0.056153922)
598	(0.043144092,1.865350364,0.26708563)
599	(-0.166662022,-0.259171704,-0.13897548)
600	(-0.165782754,-0.225576636,-0.138920275)
601	(-0.143428698,-0.101661316,-0.047246463)
602	(-0.166479201,-0.255878903,-0.138973065)
603	(-0.16664768,-0.257306314,-0.138974565)
604	(-0.166662188,-0.259186328,-0.138975506)
605	(-0.166438464,-0.228073084,-0.13897002)
606	(-0.159463226,-0.16408841,-0.12896151)
607	(-0.161450037,-0.230611106,-0.134653624)
608	(0.240103159,1.094633338,0.290922863)
609	(-0.040983858,0.330323675,0.156015108)
610	(-0.159418409,-0.158177199,-0.127380735)
611	(-0.153431477,0.036838135,-0.137873357)
612	(-0.032750376,0.366871832,0.156546599)
613	(-0.153149251,0.033704953,-0.137879109)
614	(-0.166661483,-0.259136506,-0.138975494)
615	(-0.156100435,-0.032799941,-0.133706364)
616	(-0.166661559,-0.25917604,-0.138975485)
617	(-0.163158059,-0.258629306,-0.102349185)
618	(-0.166222623,-0.228154618,-0.138915859)
619	(-0.166663025,-0.259327672,-0.138975522)
620	(-0.164596559,-0.179520482,-0.138621762)
621	(-0.153210581,-0.225242148,-0.128293027)
622	(-0.151949931,0.037104864,-0.137875211)
623	(-0.166460164,-0.259041228,-0.138809238)
624	(-0.166323328,-0.229287747,-0.138957466)
625	(-0.149888201,-0.098881411,-0.129410409)
626	(-0.166363297,-0.259358868,-0.138938936)
627	(-0.16662495,-0.253727286,-0.138974565)
628	(-0.144822789,-0.155215589,-0.114608064)
629	(-0.166319932,-0.228832223,-0.13891586)
630	(-0.162481873,-0.147366108,-0.138716507)
631	(-0.134073304,-0.118166417,-0.109801322)
632	(-0.166588639,-0.258917896,-0.138763672)
633	(-0.163111451,-0.02218252,-0.138849526)
634	(-0.145027206,0.037607342,-0.138280063)
635	(-0.166625808,-0.259228118,-0.138957218)
636	(-0.160971118,-0.16623409,-0.129250171)
637	(-0.164568788,-0.1811175,-0.138905498)
638	(-0.150172149,-0.080871276,-0.137482379)
639	(-0.166361036,-0.229495467,-0.13895084)
640	(-0.166424731,-0.259358642,-0.135581333)
641	(-0.159832935,-0.155224598,-0.133295256)
642	(-0.16661148,-0.255335173,-0.138962094)
643	(-0.160241907,-0.157745205,-0.136251519)
644	(-0.160379815,-0.158678426,-0.136207433)
645	(-0.163399749,-0.251970144,-0.131734012)
646	(-0.166135424,-0.245930764,-0.138924179)
647	(-0.0623084,-0.024100666,-0.045589631)
648	(-0.163201479,-0.190644866,-0.138789421)
649	(-0.152256837,0.032483884,-0.1378843)
650	(-0.166108323,-0.245807531,-0.138924187)
651	(-0.166605014,-0.255319771,-0.138937728)
652	(-0.166414268,-0.255581482,-0.138925217)
653	(-0.166448615,-0.255927489,-0.138973078)
654	(-0.082581786,0.096299291,-0.010673784)
655	(-0.153905527,-0.023821807,-0.133645199)
656	(-0.147587742,-0.255806228,-0.135162472)
657	(-0.163428633,-0.254859153,-0.124004278)
658	(-0.155596379,-0.181547016,-0.133335153)
659	(-0.166574581,-0.259254667,-0.138225928)
660	(-0.166253056,-0.229124708,-0.138599182)
661	(-0.165401829,-0.2110387,-0.138952999)
662	(-0.165193995,-0.21229518,-0.138939731)
663	(-0.161504251,-0.258521829,-0.138658197)
664	(-0.162043041,-0.23664029,-0.135244917)
665	(-0.018536386,0.332298161,0.156013191)
666	(-0.165791017,-0.176907019,-0.13891063)
667	(-0.165848544,-0.177034774,-0.138950037)
668	(-0.166660549,-0.259133505,-0.138975494)
669	(-0.164834887,-0.219679262,-0.138884732)
670	(-0.162534428,-0.214232548,-0.132353797)
671	(-0.166661635,-0.259175666,-0.138975485)
672	(-0.166584214,-0.257838524,-0.138823883)
673	(-0.166628754,-0.255355352,-0.138973032)
674	(-0.162006875,-0.106030795,-0.138044761)
675	(-0.160411237,-0.164007124,-0.129245962)
676	(-0.164566547,-0.212667934,-0.138767955)
677	(3.173595867,1.020011591,1.602025964)
678	(-0.158816975,-0.146103394,-0.132081541)
679	(-0.164026692,-0.206906048,-0.123384068)
680	(-0.155507852,-0.024001736,-0.133648762)
681	(-0.15812559,-0.239572596,-0.133924464)
682	(-0.097402071,0.146101461,-0.102612961)
683	(-0.163860038,-0.231409495,-0.13040078)
684	(-0.166651829,-0.25895427,-0.13897541)
685	(-0.166614287,-0.259116814,-0.13897546)
686	(-0.164760467,-0.22131195,-0.137892526)
687	(-0.166651726,-0.258974936,-0.138933864)
688	(-0.166660286,-0.259317964,-0.138975499)
689	(-0.166447716,-0.258414871,-0.138625935)
690	(-0.160709271,-0.244156793,-0.130703306)
691	(-0.163011279,-0.238509296,-0.136935871)
692	(-0.136900161,0.036908653,-0.112893191)
693	(1.116013476,1.907038101,0.563213966)
694	(-0.166434412,-0.257623662,-0.138877436)
695	(-0.161039128,-0.228213861,-0.133258404)
696	(-0.136806247,0.033776791,-0.112961853)
697	(6.323076221,33.19689907,7.100194193)
698	(-0.166661351,-0.259164468,-0.13897548)
699	(-0.165398302,-0.212196577,-0.138941748)
700	(-0.165204963,-0.257412459,-0.127250918)
701	(-0.166661441,-0.259139744,-0.138975494)
702	(-0.165299361,-0.247776279,-0.138844739)
703	(-0.166620767,-0.257282425,-0.138973559)
704	(1.075148464,2.439615696,1.67766671)
705	(-0.155151773,-0.089489399,-0.132931459)
706	(0.667469578,-0.021839876,0.407625484)
707	(-0.166661552,-0.259315819,-0.138975499)
708	(3.991199969,6.014461592,18.50981122)
709	(-0.165345277,-0.212616062,-0.138903095)
710	(-0.096735802,0.104670478,-0.088159126)
711	(-0.166523215,-0.259019261,-0.138965686)
712	(-0.164026851,-0.180787108,-0.136792293)
713	(-0.166662852,-0.259184768,-0.138975506)
714	(-0.16441604,-0.143172497,-0.138464659)
715	(-0.165317236,-0.247877856,-0.138810874)
716	(-0.166656137,-0.259310671,-0.138972667)
717	(-0.164997925,-0.032428715,-0.138916873)
718	(0.681804105,0.9602894,0.358378456)
719	(-0.166661725,-0.259136332,-0.138975494)
720	(-0.162396133,-0.163378315,-0.135765408)
721	(-0.166662575,-0.259184723,-0.138975483)
722	(-0.166658129,-0.259288274,-0.138967518)
723	(-0.162395462,-0.068561935,-0.137570691)
724	(-0.166660777,-0.259167235,-0.138975481)
725	(0.033801153,1.023542445,0.156026885)
726	(-0.165984571,-0.233082467,-0.137472695)
727	(-0.163543776,-0.202175651,-0.134826081)
728	(-0.166656787,-0.25931612,-0.138961337)
729	(-0.166228217,-0.227763232,-0.138620981)
730	(-0.165330285,-0.219147584,-0.138789672)
731	(-0.166662333,-0.259180812,-0.138975483)
732	(-0.166661116,-0.259318191,-0.138975498)
733	(-0.166289699,-0.22838524,-0.138620983)
734	(-0.16585028,-0.22886131,-0.138943747)
735	(-0.164608245,-0.210224064,-0.13792166)
736	(-0.166660369,-0.259169176,-0.138975481)
737	(-0.16666021,-0.259172514,-0.138968852)
738	(-0.164575931,-0.032780802,-0.138793061)
739	(-0.157447738,-0.220468974,-0.130266182)
740	(-0.163867043,-0.24186413,-0.137467906)
741	(0.429189705,1.318417842,0.438181505)
742	(-0.166307464,-0.230014915,-0.138848014)
743	(-0.166589386,-0.258525568,-0.138856347)
744	(-0.166498777,-0.257763466,-0.138523985)
745	(-0.16039527,-0.242347429,-0.137296908)
746	(-0.164837695,-0.249769771,-0.138135025)
747	(-0.166660978,-0.259316082,-0.138975499)
748	(-0.161520481,-0.070179287,-0.137573278)
749	(-0.166646366,-0.258654074,-0.138973848)
750	(-0.101458336,-0.251958195,-0.111999087)
751	(-0.101978192,-0.251891296,-0.112176863)
752	(-0.101370265,-0.252064196,-0.112007746)
753	(-0.16497897,-0.237207208,-0.137598714)
754	(-0.100919221,-0.25206802,-0.112036773)
755	(-0.099835722,-0.25187969,-0.112024151)
756	(-0.101401238,-0.251895011,-0.112041495)
757	(-0.10123419,-0.251871422,-0.111995113)
758	(-0.101833736,-0.251962917,-0.112001949)
759	(-0.101498665,-0.251947139,-0.112031774)
760	(-0.100002805,-0.252012662,-0.112018339)
761	(-0.166336833,-0.257197721,-0.138477014)
762	(-0.151581328,-0.205052679,-0.132537333)
763	(-0.139987663,-0.183458389,-0.114644071)
764	(-0.165593847,-0.192846722,-0.138893658)
765	(-0.166661552,-0.259319529,-0.138971266)
766	(-0.157499096,-0.067951567,-0.135298049)
767	(-0.166653275,-0.259170124,-0.138966151)
768	(-0.164674312,-0.249789483,-0.138135025)
769	(-0.166662513,-0.259180455,-0.138975483)
770	(-0.126912472,-0.252178783,-0.130748938)
771	(-0.111688075,0.073887679,-0.035279314)
772	(-0.166643746,-0.2591268,-0.138971943)
773	(-0.166650578,-0.259317459,-0.138893168)
774	(-0.161166456,-0.214573182,-0.126165292)
775	(-0.165546734,-0.250646341,-0.136758887)
776	(-0.165820967,-0.255326671,-0.138117294)
777	(-0.166660286,-0.25917069,-0.138975444)
778	(-0.127311791,-0.252220193,-0.130739494)
779	(-0.126862697,-0.252210659,-0.13074311)
780	(-0.127151699,-0.252200888,-0.130789443)
781	(-0.126675567,-0.252126056,-0.130743463)
782	(-0.127725473,-0.25209997,-0.130748187)
783	(-0.126482442,-0.252262053,-0.130748493)
784	(-0.126027775,-0.252169425,-0.130744933)
785	(-0.125159446,-0.252208619,-0.130750435)
786	(-0.165649887,-0.192898271,-0.138893993)
787	(-0.163898514,-0.255872353,-0.135119525)
788	(-0.166654416,-0.258994047,-0.13897512)
789	(-0.164457302,-0.032826505,-0.138928332)
790	(-0.164755094,-0.181513776,-0.138931187)
791	(-0.164493247,-0.246804216,-0.137903024)
792	(-0.166660183,-0.259168662,-0.138975481)
793	(-0.160240497,-0.166017926,-0.12897066)
794	(-0.166584767,-0.259345054,-0.137921452)
795	(-0.166650598,-0.258964283,-0.138974471)
796	(-0.166622585,-0.259098717,-0.138973469)
797	(-0.166661047,-0.259135449,-0.138975494)
798	(-0.16613902,-0.256962022,-0.133543266)
799	(0.552487216,0.681332153,0.185660472)
800	(0.196692894,0.655790155,0.123053377)
-999
