TPCSVapollo1-400-4.in
400 4 999
1	(-0.166596668,-0.257173566,-0.138920709)
2	(-0.163487868,-0.231417939,-0.130412189)
3	(-0.166650349,-0.258974684,-0.138933864)
4	(-0.160205555,-0.243506663,-0.130714952)
5	(-0.16666095,-0.259174829,-0.13897548)
6	(-0.166660937,-0.259135069,-0.138975494)
7	(-0.159533068,-0.22107975,-0.13460153)
8	(-0.166661953,-0.259184888,-0.138975506)
9	(-0.164031934,-0.244069297,-0.137845006)
10	(-0.16664833,-0.258924671,-0.13897303)
11	(-0.147190318,-0.085049593,-0.137977269)
12	(-0.166618063,-0.259105924,-0.138965006)
13	(-0.155000554,-0.053717923,-0.133334588)
14	(-0.166659263,-0.259165957,-0.138975385)
15	(-0.151293404,-0.058259347,-0.133962147)
16	(-0.151794196,-0.09333098,-0.13613925)
17	(-0.166620497,-0.254062384,-0.138974624)
18	(-0.166652355,-0.258985956,-0.138974617)
19	(-0.1616884,-0.172664266,-0.138842635)
20	(-0.166087371,-0.24829242,-0.138837624)
21	(0.029896522,0.331854058,0.129793177)
22	(-0.158263844,-0.124016054,-0.138738)
23	(-0.165267932,-0.249858482,-0.13836866)
24	(-0.145787839,-0.058570785,-0.138263366)
25	(-0.165793189,-0.248702429,-0.138712435)
26	(-0.165797448,-0.248686027,-0.13871247)
27	(-0.163920331,-0.24710681,-0.137934431)
28	(-0.154620631,-0.064794714,-0.133957076)
29	(-0.16063028,-0.25838387,-0.081784496)
30	(-0.166648448,-0.259306969,-0.138971769)
31	(-0.161043713,-0.22781066,-0.135319406)
32	(-0.154366654,-0.064468826,-0.133953627)
33	(-0.16661538,-0.253876785,-0.138974574)
34	(-0.166648393,-0.259307371,-0.138971769)
35	(-0.15806453,-0.100527595,-0.138743084)
36	(-0.166526804,-0.257716888,-0.138933641)
37	(-0.166578958,-0.259015874,-0.138970339)
38	(-0.166660943,-0.259136026,-0.138975494)
39	(-0.166532931,-0.257710535,-0.138933646)
40	(-0.151411881,-0.023657563,-0.132531565)
41	(-0.166643213,-0.259303422,-0.138973856)
42	(-0.14945486,0.006176904,-0.137778473)
43	(-0.166643939,-0.259303711,-0.138973856)
44	(-0.164866206,-0.237538968,-0.138441358)
45	(-0.164836955,-0.237512748,-0.138441428)
46	(-0.151720246,-0.014402718,-0.13289767)
47	(-0.166638926,-0.259104756,-0.138973313)
48	(-0.154378506,-0.075868327,-0.133548687)
49	(-0.166641567,-0.25930599,-0.138973856)
50	(-0.166639804,-0.259102534,-0.138973314)
51	(-0.166425989,-0.259319038,-0.127994347)
52	(-0.154225053,-0.064543302,-0.133957063)
53	(-0.166638539,-0.259103768,-0.138973314)
54	(-0.147918159,-0.065746437,-0.133553028)
55	(-0.166645212,-0.259295434,-0.138973856)
56	(-0.161639151,-0.241172403,-0.137206847)
57	(-0.166640758,-0.259303958,-0.138973856)
58	(-0.141711417,-0.021263896,-0.131945301)
59	(-0.166630323,-0.255859749,-0.138974964)
60	(-0.166642204,-0.259304354,-0.138973856)
61	(-0.166645467,-0.258931397,-0.13897303)
62	(-0.135412579,-0.059773244,-0.077175126)
63	(-0.166613381,-0.253906572,-0.138974596)
64	(-0.159316398,0.17584705,-0.138932514)
65	(-0.152478092,-0.025574258,-0.13360809)
66	(-0.166642148,-0.259305633,-0.138973856)
67	(-0.15868731,-0.119949943,-0.138738065)
68	(-0.162113098,-0.23474013,-0.135937527)
69	(-0.166209484,-0.255660931,-0.138884094)
70	(-0.142665002,-0.053876283,-0.138415187)
71	(-0.15475114,-0.073118292,-0.133547831)
72	(-0.166647341,-0.259303059,-0.138973856)
73	(-0.166660307,-0.259139516,-0.138975494)
74	(-0.16657308,-0.25720126,-0.138919438)
75	(-0.166610864,-0.253416408,-0.13897449)
76	(-0.16664201,-0.259302671,-0.138973856)
77	(-0.154434933,-0.072387611,-0.133543896)
78	(-0.159863209,-0.153118665,-0.138725975)
79	(-0.166644119,-0.259306574,-0.138973856)
80	(-0.001202636,-0.222718199,-0.11941401)
81	(-0.166646394,-0.259306837,-0.138974548)
82	(-0.15324387,-0.024258018,-0.13335586)
83	(0.066014222,0.526385941,0.127284956)
84	(-0.166649112,-0.259298384,-0.138973778)
85	(-0.166610034,-0.259093927,-0.13897546)
86	(-0.155450007,-0.212033346,-0.131720171)
87	(-0.166649561,-0.259305216,-0.138974537)
88	(-0.165804702,-0.248718564,-0.13871248)
89	(-0.146134244,-0.012644171,-0.133360749)
90	(-0.165813056,-0.248735561,-0.138712485)
91	(-0.152758333,-0.041814841,-0.132162858)
92	(-0.156622704,-0.097996642,-0.13887648)
93	(-0.154483408,-0.07273259,-0.133547827)
94	(-0.166662361,-0.25933352,-0.138975508)
95	(-0.16364937,-0.224764441,-0.136906956)
96	(-0.16476992,-0.258127142,-0.058393749)
97	(-0.166663253,-0.259344681,-0.138975511)
98	(-0.166652092,-0.259307321,-0.138971769)
99	(-0.16666308,-0.25934078,-0.138975511)
100	(-0.166663136,-0.259343056,-0.138975511)
101	(-0.166663474,-0.259342302,-0.138975511)
102	(0.259513312,0.57794793,0.05180122)
103	(-0.166651546,-0.258974145,-0.138933864)
104	(-0.166650336,-0.25930928,-0.138971769)
105	(-0.126960905,0.122023375,-0.138019878)
106	(-0.166662167,-0.259332446,-0.138975508)
107	(-0.166617689,-0.253384002,-0.138974513)
108	(-0.166663633,-0.259346155,-0.138975511)
109	(-0.166664166,-0.25934641,-0.138975511)
110	(-0.166556698,-0.257698801,-0.138933648)
111	(-0.069969803,5.320367704,-0.134760307)
112	(-0.129863517,0.114583603,-0.13765388)
113	(-0.166540303,-0.257686842,-0.138933649)
114	(-0.166663336,-0.259342322,-0.138975511)
115	(-0.166663516,-0.259344111,-0.138975511)
116	(-0.166663723,-0.25934307,-0.138975511)
117	(-0.166660342,-0.25917398,-0.13897548)
118	(-0.166663613,-0.259341572,-0.138975511)
119	(-0.133953299,0.171465877,-0.138481127)
120	(-0.140257483,-0.082870008,-0.119540627)
121	(-0.166664007,-0.25934604,-0.138975511)
122	(-0.166663564,-0.259347235,-0.138975511)
123	(-0.079780204,0.687777365,-0.061946505)
124	(-0.16597563,-0.25816401,-0.138678372)
125	(-0.166664104,-0.259346974,-0.138975511)
126	(-0.166650253,-0.258929074,-0.13897303)
127	(-0.165152809,-0.23745535,-0.138441449)
128	(-0.166664,-0.25934694,-0.138975511)
129	(-0.16666364,-0.259340618,-0.138975511)
130	(-0.166663951,-0.259346856,-0.138975511)
131	(-0.165174163,-0.237485574,-0.13844146)
132	(-0.155125039,-0.044998534,-0.132292396)
133	(-0.16229269,-0.170319915,-0.136805628)
134	(-0.166664083,-0.259346893,-0.138975511)
135	(-0.166663281,-0.259344061,-0.138975511)
136	(-0.166663371,-0.259345846,-0.138975511)
137	(-0.166663405,-0.25934413,-0.138975511)
138	(-0.166595098,-0.258739778,-0.138966883)
139	(-0.154896952,-0.021548767,-0.133351088)
140	(-0.157853218,-0.240500678,-0.133930386)
141	(-0.166646069,-0.259098508,-0.138973314)
142	(-0.166664111,-0.259347218,-0.138975511)
143	(-0.166641346,-0.259104161,-0.138973314)
144	(-0.166664131,-0.259346751,-0.138975511)
145	(-0.154712602,-0.021231426,-0.133354915)
146	(-0.148401269,-0.065658952,-0.138373264)
147	(-0.160930596,-0.140968149,-0.13874321)
148	(-0.159576675,-0.127498957,-0.138747645)
149	(-0.162301237,-0.233528498,-0.135565923)
150	(-0.166662071,-0.25918711,-0.138975506)
151	(-0.166619107,-0.25340581,-0.138974488)
152	(-0.166663675,-0.259342142,-0.138975511)
153	(-0.166663716,-0.259344014,-0.138975511)
154	(-0.166635613,-0.25843367,-0.138975289)
155	(-0.155678372,-0.046825424,-0.133419475)
156	(-0.166663398,-0.259343664,-0.138975511)
157	(-0.166663461,-0.259343256,-0.138975511)
158	(-0.166664,-0.259345131,-0.138975511)
159	(-0.166663371,-0.259343768,-0.138975511)
160	(-0.166663806,-0.259341204,-0.138975511)
161	(-0.166664159,-0.259346867,-0.138975511)
162	(-0.166661234,-0.25914016,-0.138975494)
163	(-0.154290477,-0.021887761,-0.133354914)
164	(-0.153734538,-0.227597348,-0.130650495)
165	(-0.147025621,-0.052008384,-0.138071633)
166	(-0.16666409,-0.259346324,-0.138975511)
167	(-0.166664034,-0.25934712,-0.138975511)
168	(-0.166663896,-0.259346083,-0.138975511)
169	(-0.166663862,-0.259346575,-0.138975511)
170	(-0.165666774,-0.252168375,-0.138569208)
171	(-0.141659208,0.157123367,-0.138649536)
172	(-0.166618893,-0.253387624,-0.138974513)
173	(-0.164429912,-0.17632595,-0.138935703)
174	(-0.166663716,-0.259344103,-0.138975511)
175	(-0.166663218,-0.259345555,-0.138975511)
176	(-0.154366709,-0.020297717,-0.133157419)
177	(-0.166569837,-0.257117361,-0.138914862)
178	(-0.155390904,-0.058647151,-0.133179778)
179	(-0.132165774,-0.026969874,-0.074268938)
180	(-0.166663288,-0.259340677,-0.138975511)
181	(-0.166663972,-0.259349268,-0.138975511)
182	(-0.166654084,-0.259336118,-0.138975511)
183	(-0.166663018,-0.259342414,-0.138975511)
184	(-0.166372695,-0.25935137,-0.138947651)
185	(-0.166663951,-0.259346764,-0.138975511)
186	(-0.166663855,-0.259346987,-0.138975511)
187	(0.305335799,0.608061147,0.162610277)
188	(-0.166663709,-0.259344935,-0.138975511)
189	(-0.142168511,-0.138662491,-0.135973859)
190	(-0.166663232,-0.259343821,-0.138975511)
191	(-0.166663827,-0.259345813,-0.138975511)
192	(-0.16666317,-0.259343719,-0.138975511)
193	(-0.166663889,-0.259346938,-0.138975511)
194	(-0.166663046,-0.259340508,-0.138975511)
195	(-0.166663661,-0.259345826,-0.138975511)
196	(-0.130855923,-0.160112765,-0.119444128)
197	(-0.147692686,-0.008187576,-0.133162565)
198	(-0.166663779,-0.259346117,-0.138975511)
199	(-0.166663896,-0.259347062,-0.138975511)
200	(-0.161307399,-0.258427368,-0.084108474)
201	(-0.166663896,-0.25934645,-0.138975511)
202	(-0.166641256,-0.258965478,-0.138972233)
203	(-0.163681256,-0.228791888,-0.136788539)
204	(-0.156147381,-0.146104416,-0.114651562)
205	(-0.162688275,-0.232500463,-0.136870061)
206	(-0.152857482,-0.017141778,-0.13315202)
207	(-0.138882706,-0.033435574,-0.104479241)
208	(-0.109959909,5.07803567,-0.134922735)
209	(-0.130507264,-0.257236875,0.218284012)
210	(-0.166646069,-0.259228985,-0.138966139)
211	(-0.166660169,-0.259171214,-0.138975484)
212	(-0.166633138,-0.258651365,-0.138966658)
213	(-0.166660238,-0.259316554,-0.13897551)
214	(-0.143852856,-0.037510033,-0.137030934)
215	(-0.144457748,-0.043624651,-0.13726863)
216	(-0.137066483,0.036313031,-0.136506245)
217	(-0.153035739,-0.017089097,-0.133156437)
218	(0.556012913,6.83993498,1.133914506)
219	(-0.166661912,-0.259325925,-0.138952156)
220	(-0.152813799,-0.017361744,-0.133156437)
221	(9.082231429,3.37882815,2.108637883)
222	(-0.166662133,-0.259328659,-0.138952156)
223	(-0.1665536,-0.258825605,-0.138648662)
224	(-0.166663295,-0.259340837,-0.138975523)
225	(-0.166609613,-0.252907094,-0.138974405)
226	(-0.152325649,-0.039017799,-0.132099648)
227	(-0.159568017,-0.12717184,-0.138738872)
228	(-0.166663474,-0.259340757,-0.138970631)
229	(-0.162359538,-0.237386307,-0.135730923)
230	(-0.166610477,-0.25292105,-0.13897443)
231	(-0.166642266,-0.258939825,-0.13897303)
232	(-0.163917738,-0.029894282,-0.138935876)
233	(-0.107414932,5.081280761,-0.134922402)
234	(-0.16470655,-0.258452757,-0.058393749)
235	(-0.166660847,-0.259321417,-0.138975499)
236	(-0.166627129,-0.2592386,-0.13794158)
237	(-0.166663412,-0.259338565,-0.138970631)
238	(-0.166548781,-0.259026669,-0.135098196)
239	(-0.165476761,-0.258068855,-0.090686081)
240	(-0.166413819,-0.258589112,-0.130166316)
241	(-0.166627461,-0.259227627,-0.137861079)
242	(-0.166627592,-0.258758787,-0.138949308)
243	(-0.166661068,-0.259135427,-0.138975494)
244	(-0.163593378,-0.20653372,-0.123388584)
245	(-0.162938699,-0.220488736,-0.125490148)
246	(-0.163877368,-0.0298014,-0.138935767)
247	(-0.166081873,-0.257445479,-0.138842038)
248	(-0.166630718,-0.258841739,-0.13897505)
249	(-0.124682484,0.273941663,-0.134740747)
250	(-0.164543464,-0.257916859,-0.119455894)
251	(-0.145293741,-0.001720141,-0.13290285)
252	(-0.150227332,-0.103944726,-0.138543869)
253	(-0.130272822,0.045610213,-0.133450194)
254	(-0.158927458,-0.126107885,-0.138755291)
255	(-0.153586845,-0.040629234,-0.133261442)
256	(-0.166093484,-0.245989381,-0.138924028)
257	(-0.166066895,-0.245866496,-0.138924036)
258	(-0.166595215,-0.259155486,-0.138975431)
259	(-0.166663585,-0.25934331,-0.138975511)
260	(-0.166663398,-0.259342933,-0.138975511)
261	(-0.166662575,-0.259344515,-0.138975511)
262	(-0.16665871,-0.259169545,-0.138975225)
263	(-0.159154695,-0.227570501,-0.133566833)
264	(-0.166663357,-0.25934438,-0.138975511)
265	(8.655154545,3.360811861,2.108349071)
266	(-0.151209186,-0.010185943,-0.132892057)
267	(-0.166565135,-0.257165477,-0.138917511)
268	(-0.16281783,-0.239786273,-0.137229176)
269	(-0.151854212,-0.01423574,-0.132897669)
270	(-0.166663654,-0.259344277,-0.138975511)
271	(-0.16666391,-0.259347209,-0.138975511)
272	(-0.166663945,-0.259333276,-0.138975511)
273	(-0.166663163,-0.259341402,-0.138975511)
274	(-0.166664028,-0.259347439,-0.138975511)
275	(-0.166664173,-0.259347363,-0.138975511)
276	(-0.166663315,-0.259342498,-0.138975511)
277	(-0.166664214,-0.259333132,-0.138975511)
278	(-0.166663495,-0.259344687,-0.138975511)
279	(-0.165024603,-0.242888773,-0.138859908)
280	(-0.16666418,-0.259345765,-0.138975511)
281	(-0.166663467,-0.259345097,-0.138975511)
282	(-0.153516,-0.010338707,-0.132896605)
283	(-0.166662817,-0.259341771,-0.138975511)
284	(-0.166663239,-0.259346972,-0.138975511)
285	(-0.166663592,-0.259346178,-0.138975511)
286	(-0.16160387,-0.207415191,-0.132032526)
287	(-0.166664014,-0.25934648,-0.138975511)
288	(-0.166660134,-0.259138501,-0.138975494)
289	(-0.154103735,-0.025664999,-0.133608091)
290	(-0.166664048,-0.259346735,-0.138975511)
291	(-0.166652438,-0.258961129,-0.138974081)
292	(-0.1666642,-0.259345689,-0.138975511)
293	(-0.166663993,-0.259347074,-0.138975511)
294	(-0.166658897,-0.259157976,-0.138975472)
295	(-0.166663827,-0.259346426,-0.138975511)
296	(-0.052594438,0.634726626,0.023742429)
297	(-0.163579465,-0.128253381,-0.13893673)
298	(-0.166644409,-0.258896423,-0.138972421)
299	(-0.166645011,-0.258946065,-0.138972962)
300	(-0.16665649,-0.259124714,-0.138974242)
301	(-0.154357574,-0.011569895,-0.132896607)
302	(-0.166612033,-0.252227298,-0.138974294)
303	(-0.160010632,-0.243332731,-0.13732076)
304	(-0.166611238,-0.252389588,-0.138974346)
305	(-0.112995174,5.084847816,-0.134921724)
306	(-0.161843043,-0.155983343,-0.138726517)
307	(-0.166489809,-0.258917119,-0.138943093)
308	(-0.154646736,-0.038113547,-0.132156959)
309	(-0.148108642,-0.029428018,-0.132168272)
310	(-0.153793821,-0.01740634,-0.13219633)
311	(-0.164349662,-0.223707735,-0.13455795)
312	(-0.160385727,-0.131738427,-0.138751497)
313	(0.000125837,0.974706882,-0.004598782)
314	(-0.16661493,-0.259108948,-0.13897546)
315	(-0.166652417,-0.258970016,-0.138933864)
316	(-0.166501357,-0.257529561,-0.138845095)
317	(3.058283234,4.195276045,2.267181112)
318	(-0.154587363,-0.038799229,-0.132161689)
319	(-0.154757654,-0.038285966,-0.132161687)
320	(-0.154746652,-0.041845386,-0.132162859)
321	(-0.15575134,-0.046859073,-0.133419475)
322	(-0.154719794,-0.019376236,-0.133348677)
323	(-0.166661656,-0.259175162,-0.13897548)
324	(-0.161052149,-0.231741323,-0.134032984)
325	(-0.166582616,-0.257674776,-0.138928558)
326	(-0.16403174,-0.242615011,-0.137569028)
327	(-0.166662257,-0.259184679,-0.138975506)
328	(-0.166663668,-0.259339047,-0.138975512)
329	(8.610174394,3.378216869,2.107955467)
330	(-0.166642058,-0.258941202,-0.13897303)
331	(-0.166661213,-0.259131993,-0.138975494)
332	(-0.155122937,-0.034396935,-0.13336505)
333	(-0.166291477,-0.229141682,-0.138916923)
334	(-0.154419858,-0.038576868,-0.132161571)
335	(-0.152750291,-0.017513556,-0.132196403)
336	(-0.166659823,-0.259171246,-0.138963782)
337	(-0.154942827,-0.046758662,-0.13341936)
338	(-0.149471574,-0.085681114,-0.13798901)
339	(-0.166522261,-0.257395923,-0.138911512)
340	(-0.166612724,-0.253412898,-0.138974486)
341	(-0.15327617,-0.04184998,-0.132162752)
342	(-0.166662631,-0.259340189,-0.138975512)
343	(-0.006246605,-0.105670025,0.213210856)
344	(-0.099850583,-0.067933499,-0.101561663)
345	(-0.1662563,-0.228803055,-0.138678036)
346	(-0.166645405,-0.258811214,-0.138937296)
347	(-0.16653939,-0.257510276,-0.138918183)
348	(-0.166649202,-0.258852896,-0.138941695)
349	(-0.166626084,-0.259208148,-0.138959405)
350	(-0.166663225,-0.259343921,-0.138975511)
351	(-0.157084688,-0.088964821,-0.138736022)
352	(-0.166663191,-0.259338215,-0.138975511)
353	(-0.166394097,-0.258639483,-0.138852277)
354	(-0.166663253,-0.259343766,-0.138975511)
355	(-0.166663834,-0.259341604,-0.138975511)
356	(-0.159730944,-0.11678301,-0.138889102)
357	(-0.166663025,-0.259340511,-0.138975511)
358	(-0.166663564,-0.259343726,-0.138975511)
359	(-0.166663626,-0.259344139,-0.138975511)
360	(-0.166663613,-0.259345303,-0.138975511)
361	(-0.166664124,-0.259347318,-0.138975511)
362	(-0.166664138,-0.259347199,-0.138975511)
363	(-0.154371432,-0.055389255,-0.133321157)
364	(-0.023503293,0.045117737,0.254647904)
365	(-0.166664041,-0.259346676,-0.138975511)
366	(-0.166663765,-0.259348688,-0.138975511)
367	(-0.166663371,-0.259343539,-0.138975511)
368	(-0.166663239,-0.259343136,-0.138975511)
369	(-0.166663862,-0.259346929,-0.138975511)
370	(-0.166663875,-0.259345987,-0.138975511)
371	(-0.166664117,-0.259346598,-0.138975511)
372	(-0.166663101,-0.259340274,-0.138975511)
373	(-0.16662762,-0.259107927,-0.138967751)
374	(-0.166663336,-0.259343053,-0.138975511)
375	(-0.166663958,-0.259347205,-0.138975511)
376	(-0.166663509,-0.259344799,-0.138975511)
377	(-0.166663772,-0.259342723,-0.138975511)
378	(-0.16654681,-0.255928765,-0.138936548)
379	(-0.153385712,-0.019427973,-0.133348554)
380	(-0.148692954,-0.047309383,-0.133184144)
381	(-0.166663972,-0.259347012,-0.138975511)
382	(-0.166663848,-0.259346543,-0.138975511)
383	(-0.166663647,-0.259342934,-0.138975511)
384	(-0.166663862,-0.259347023,-0.138975511)
385	(-0.166663979,-0.259346263,-0.138975511)
386	(-0.159467216,-0.163784946,-0.129250312)
387	(-0.166663115,-0.259343355,-0.138975511)
388	(-0.113689664,4.735260605,-0.133604613)
389	(-0.166664194,-0.25934589,-0.138975511)
390	(-0.166663751,-0.259346952,-0.138975511)
391	(-0.160160565,-0.130226183,-0.138748446)
392	(-0.166579892,-0.258737995,-0.138869841)
393	(-0.166603887,-0.258640994,-0.138945338)
394	(-0.166664062,-0.259346622,-0.138975511)
395	(-0.166663986,-0.259347509,-0.138975511)
396	(-0.166663177,-0.259337008,-0.138975512)
397	(-0.166577278,-0.257130947,-0.138913505)
398	(-0.15500287,-0.0407426,-0.133261323)
399	(-0.166659235,-0.259170519,-0.138975402)
400	(-0.166653938,-0.258990791,-0.138974771)
-999
