TPCSVapollo700-1000-3.in
300 3 999
1	(-0.166607780157638,-0.258447464050504,-0.138859362015602)
2	(-0.165395971541049,-0.186647552818448,-0.13896360664857)
3	(-0.163465255548917,-0.254657367484211,-0.136565999160586)
4	(-0.157679407226422,-0.0386503716424752,-0.133260395006965)
5	(-0.157832631958799,-0.044554448731169,-0.133414704715248)
6	(-0.161036355181182,-0.0804223171630461,-0.138575134404638)
7	(-0.139861420485978,0.0722922261784024,-0.138019877235905)
8	(-0.16662389233502,-0.258572845515732,-0.138933815014323)
9	(-0.158046598908397,-0.0645753185511657,-0.132602578826269)
10	(-0.166654187377557,-0.258976204148635,-0.138933863814771)
11	(-0.165790547009476,-0.23118268598634,-0.138966026834554)
12	(-0.166625026411024,-0.25370870651727,-0.138974320402249)
13	(-0.166366083666708,-0.255924459418582,-0.13868124401516)
14	(-0.16574756967796,-0.23102669971533,-0.138966943746058)
15	(-0.157817328847834,-0.0796617946127152,-0.132372855868807)
16	(-0.165877289993632,-0.146643721327596,-0.138953167121354)
17	(-0.164750841341682,-0.208719227103337,-0.137761116217418)
18	(-0.162673995507299,-0.154154961443825,-0.138751760300925)
19	(-0.166661987607637,-0.259177660919733,-0.138975479890513)
20	(-0.160807320233938,-0.212344990481004,-0.135133950658219)
21	(-0.165897447503104,-0.224729876599069,-0.138472741131311)
22	(-0.163182428057528,-0.238888734174076,-0.135350057248284)
23	(-0.166662520070152,-0.259189711059083,-0.138975506222152)
24	(-0.166020570815675,-0.249603108535373,-0.138116986493855)
25	(-0.157441410312703,-0.0446525941656605,-0.133418475247628)
26	(-0.166034919643172,-0.224891898836512,-0.138472742455081)
27	(-0.166661468975318,-0.25916621932248,-0.138975485405535)
28	(-0.165333092558673,-0.230129565332005,-0.138959256658759)
29	(-0.158082681887616,-0.171635862054111,-0.137430634838536)
30	(-0.158723407169819,-0.0813204649449848,-0.133501414744423)
31	(-0.1573364460464,-0.0196161606272728,-0.133348555417164)
32	(-0.166628622261771,-0.253702731740331,-0.138974564884683)
33	(0.103774554779505,-0.189664717940216,-0.0963746439836257)
34	(-0.152728494701918,-0.00847971035346373,-0.133352257983256)
35	(-0.15276849854147,-0.07750555226673,-0.138263364434344)
36	(-0.166661572701782,-0.259134495503341,-0.138975494490074)
37	(-0.16657496110448,-0.259090750882281,-0.138863697483786)
38	(-0.155989461102142,-0.231416399679571,-0.129770335001877)
39	(-0.16318044342452,-0.200032066561285,-0.134061513964239)
40	(-0.16660269756091,-0.257414172983438,-0.138922630104628)
41	(0.107520089728179,0.549793591163028,0.175426786143653)
42	(-0.166449839328706,-0.227972039683061,-0.138970063689985)
43	(-0.159634734050874,-0.0861422658425478,-0.138752360516088)
44	(-0.160705599148404,-0.0861956876240682,-0.138741463274434)
45	(-0.122014985034053,1.28829081531732,0.133576136747015)
46	(-0.165531465963207,-0.230262202362496,-0.1389634523805)
47	(-0.157063424163392,-0.0169384865557902,-0.13334760172966)
48	(-0.158558931573666,-0.175106787511555,-0.137430647335623)
49	(-0.157599420292611,-0.0384733345089436,-0.133256734756299)
50	(-0.166409323771932,-0.227943555554279,-0.138965479925975)
51	(-0.166316046020554,-0.259357372788564,-0.138927470851623)
52	(-0.166620898097764,-0.253217165440715,-0.138974230224254)
53	(-0.158611596956903,-0.173358344646989,-0.137430027454583)
54	(-0.158540060272345,-0.172539380261955,-0.13743001981032)
55	(-0.158753674551966,-0.0812158778493289,-0.13350141840069)
56	(-0.164113297004369,-0.199454645610136,-0.137814082740439)
57	(-0.166660549267339,-0.259163255403953,-0.138975317318657)
58	(-0.166661787069807,-0.259174163060002,-0.138975420949093)
59	(-0.157996091035607,-0.0456513902838782,-0.133160939835013)
60	(-0.166661503550806,-0.259171754037987,-0.138975414488634)
61	(-0.166649270743171,-0.258980453046546,-0.13896443328541)
62	(-0.166512026801323,-0.258146556748436,-0.138685837399484)
63	(-0.166654090566191,-0.259057121806691,-0.138970569752069)
64	(-0.148675210250144,-0.0977369248444594,-0.1318285715252)
65	(-0.164430022304139,-0.18260205800794,-0.13892369388602)
66	(-0.166658433247477,-0.259321263442917,-0.138937851612337)
67	(-0.120528806090427,0.0611999555578122,0.00372264005898194)
68	(-0.14022707010119,0.086847700645162,-0.137653882590229)
69	(-0.160306625677911,-0.254180323288572,-0.133816474718582)
70	(-0.166661856220783,-0.259319124325248,-0.138971265894995)
71	(-0.166248962658844,-0.246079844266639,-0.138915289927188)
72	(-0.163383567501098,-0.163118497329937,-0.137097634526286)
73	(-0.152853097845373,-0.035481914238314,-0.133165479506238)
74	(-0.164341232451097,-0.182470821630124,-0.13891825086484)
75	(-0.161792465781755,-0.220310814057341,-0.13891817880381)
76	(-0.154496899523442,-0.135547817056889,-0.138916933017858)
77	(-0.166656248076639,-0.259166775057204,-0.138966150572333)
78	(-0.161037655219529,-0.164586973949151,-0.128808628713959)
79	(-0.157322422228489,-0.0533413288703241,-0.132732110499464)
80	(-0.166240132079222,-0.245993336571068,-0.138915297835481)
81	(-0.1666580805775,-0.259321980952606,-0.138932481423651)
82	(-0.069168557626496,0.177977048791838,0.155384065860381)
83	(-0.148614806872704,-0.0956715304570911,-0.131828500736771)
84	(-0.158233195901737,-0.145367521378885,-0.138915046583687)
85	(-0.166656835859934,-0.259320343924076,-0.138928831624433)
86	(-0.147978527998251,-0.0960885159065911,-0.131828170589092)
87	(-0.147577237970065,-0.0957974785538024,-0.131828880765262)
88	(-0.166626395600347,-0.259236328233533,-0.138956900312833)
89	(-0.166655992218028,-0.259319191382228,-0.138929548770859)
90	(-0.16664916010161,-0.259013834011309,-0.138959336411284)
91	(-0.166530739055399,-0.258518422908782,-0.138670369301512)
92	(-0.166659747116019,-0.259167996332456,-0.138975396236899)
93	(-0.166654892717511,-0.259053759737344,-0.138969879472583)
94	(-0.16657456002882,-0.258533773927983,-0.138722137485345)
95	(-0.166657624181059,-0.259160294000064,-0.138975289141645)
96	(-0.166661054069463,-0.25916860403634,-0.138975403841172)
97	(-0.166601535824515,-0.25760564161733,-0.138862030712007)
98	(-0.165968430979854,-0.214711646734224,-0.138963568955472)
99	(-0.157049393430384,-0.0385159743662537,-0.13326039231613)
100	(-0.162476368933304,-0.155638590425937,-0.138739683291581)
101	(-0.150725432958809,-0.13609759963542,-0.138891378660022)
102	(-0.157046205570396,-0.0424965077271543,-0.133159979733809)
103	(-0.161435881859482,-0.220393916934741,-0.138910106467099)
104	(-0.159561945733653,-0.241599679404517,-0.134218332949051)
105	(-0.151086608505881,-0.0729935143836877,-0.138373262403732)
106	(-0.157662734926135,-0.0549193606692183,-0.133781507490344)
107	(-0.164704911263496,-0.186030947120896,-0.13895700460846)
108	(-0.150336016153184,-0.0670187198418451,-0.138071632934933)
109	(0.105387321499595,1.89914970200174,0.754287324191759)
110	(-0.166612115923826,-0.252557303799847,-0.138974015983207)
111	(-0.146089814308873,-0.241352633945403,-0.12361763326719)
112	(-0.1664495696399,-0.25569101311506,-0.138924277900284)
113	(-0.16456533693376,-0.179141605174385,-0.138853210384796)
114	(-0.166575299944262,-0.258769326658897,-0.138692645295772)
115	(-0.166627813195353,-0.253876459611888,-0.138974592560243)
116	(-0.166596460142884,-0.257202320703978,-0.138919632124427)
117	(-0.157203648512301,-0.0641214433804112,-0.132602577633806)
118	(-0.161749128865165,-0.150689718227244,-0.138762765642941)
119	(-0.163023553690421,-0.220959273496932,-0.137712823995054)
120	(-0.162834709290364,-0.220751968518944,-0.137712829898328)
121	(-0.162826120739159,-0.221199810237902,-0.137712826024791)
122	(-0.162836119970272,-0.220971163537741,-0.137712604177739)
123	(-0.164600431054024,-0.229297186198074,-0.138947783383084)
124	(-0.165589573528248,-0.211890318170397,-0.13894979971415)
125	(-0.165964316496789,-0.176424632359632,-0.138899819173492)
126	(-0.163974531741051,-0.242728111753359,-0.137263711673696)
127	(-0.150523283910991,-0.0529443917814913,-0.132606981617907)
128	(-0.15293157728791,-0.0634221513969497,-0.138896838974589)
129	(-0.163959242460282,-0.255732651308728,-0.134542326677819)
130	(-0.155459778457023,-0.0167035423669722,-0.133343624202482)
131	(-0.0682469065047407,0.61152412817141,0.0237509575152298)
132	(-0.164859034958559,-0.212885814246975,-0.138822680700757)
133	(-0.166574048311599,-0.257367363858382,-0.138765603258145)
134	(-0.148411309380856,-0.0540112767192325,-0.137030931610721)
135	(-0.148368684719318,-0.0578721586338664,-0.137268627920718)
136	(-0.142345212898374,0.0278073429968652,-0.136506244392667)
137	(-0.161998328236978,-0.199791995028115,-0.130693264642828)
138	(-0.163158771508676,-0.181645332600912,-0.138610494149479)
139	(-0.166661641852758,-0.259138960660012,-0.138975494490389)
140	(-0.166661047154365,-0.25915502835069,-0.138973582552093)
141	(-0.166539866984216,-0.259118281963731,-0.138541209681918)
142	(-0.166661870050978,-0.259157843905648,-0.138975445606655)
143	(-0.166660929597706,-0.25916741712779,-0.138975405336395)
144	(-0.16666083278634,-0.259166713029497,-0.138975442840406)
145	(-0.157661013066836,-0.0548032892274841,-0.133781516640063)
146	(-0.166577332982953,-0.259112271143665,-0.138635512970114)
147	(-0.166659705625433,-0.259153804560801,-0.138969412052499)
148	(-0.165414704540418,-0.223672108896003,-0.136466968826428)
149	(-0.0636077680701322,0.368194310581627,0.176145682078598)
150	(-0.160407191942147,-0.254123096023423,-0.134021102173625)
151	(-0.157025294315287,-0.0613641885994165,-0.132601500530964)
152	(-0.160278903051677,-0.0904389452042757,-0.138753607593062)
153	(-0.156257255171373,-0.0166368340830295,-0.133347599092355)
154	(-0.166623498174457,-0.253548920630117,-0.138974536951863)
155	(-0.166621029484618,-0.253878761342734,-0.13897428020394)
156	(-0.156491020045368,-0.062903050739728,-0.132499686291079)
157	(-0.152872591505476,-0.0622445117977952,-0.13890544232237)
158	(-0.164804993470901,-0.0330202768018584,-0.138928435495962)
159	(-0.166656234246443,-0.259170466543966,-0.138942857422702)
160	(-0.166656089029394,-0.259172552854264,-0.138934904873558)
161	(-0.165938675314929,-0.258394925744698,-0.138745645846809)
162	(-0.152104745984295,-0.07034278548329,-0.112541977384692)
163	(-0.165604323431405,-0.258822874172255,-0.138410561066223)
164	(-0.157992564335836,-0.0809005231208685,-0.13350141860379)
165	(-0.159527128217292,-0.151542509505961,-0.137147022561224)
166	(-0.16393748064817,-0.148229513295529,-0.138432636795529)
167	(-0.109654365650431,-0.0486419706658303,-0.0412220557300299)
168	(-0.137071144033341,-0.0925670470885033,-0.138672396474637)
169	(-0.15339690111977,-0.222783717066477,-0.13853719009248)
170	(-0.157224255503116,-0.0644204831455793,-0.133598915201819)
171	(-0.156273809915001,-0.0421547208135077,-0.133155686262548)
172	(-0.152967867720057,-0.0720049042207684,-0.133505142658617)
173	(-0.162962977435542,-0.140473091904236,-0.138309990390631)
174	(-0.166660072125605,-0.259320690105736,-0.138967098828888)
175	(-0.166541602673711,-0.257789178248671,-0.138913621296968)
176	(-0.166592580773137,-0.257187692223739,-0.138917992169049)
177	(-0.166655770934905,-0.259158231159709,-0.138974173569674)
178	(-0.166644423259762,-0.258871563407395,-0.138964701232628)
179	(-0.162479314764877,-0.199628588902242,-0.133234466502971)
180	(-0.157100419935493,-0.0427060532464941,-0.133159979252195)
181	(-0.165484692243116,-0.211792869290288,-0.13894171077821)
182	(-0.160791726688875,-0.127548137249441,-0.138749996707902)
183	(-0.157682650407192,-0.0789087405335586,-0.133500566417166)
184	(-0.166641947654825,-0.259106721340338,-0.138967026047563)
185	(-0.166617703322678,-0.252735674529073,-0.138974398093864)
186	(-0.166597289954595,-0.258551339503957,-0.138919636888138)
187	(-0.166623110928992,-0.253894343708518,-0.138974312732166)
188	(-0.139885547261466,0.0423273971284498,-0.133450193040141)
189	(0.0850805703915879,1.57473543888223,-0.0939786871348499)
190	(-0.161947647486749,-0.153403923265137,-0.138763415331142)
191	(-0.166633262292253,-0.258818214550341,-0.138929873901661)
192	(-0.166661773239612,-0.259176261105271,-0.138975452353658)
193	(-0.164598944308042,-0.210558307535244,-0.137805328963801)
194	(-0.156337013906964,-0.0645084560361684,-0.133598913629922)
195	(-0.164203857122394,-0.245191266353993,-0.137570251707763)
196	(-0.166596792067569,-0.257607427847641,-0.138907253174802)
197	(-0.0861687787562641,-0.0720178864521429,0.198190357595889)
198	(-0.141936641272427,-0.0472447479556063,-0.091611506278594)
199	(-0.166637770935881,-0.259027145660099,-0.138953344877037)
200	(-0.155049685509606,-0.0608087958662766,-0.132596856333302)
201	(-0.16660447474099,-0.257871059850818,-0.138914622897107)
202	(-0.166660749805169,-0.259137320278633,-0.138975494490074)
203	(-0.166624307240875,-0.258929597870944,-0.138936982452878)
204	(-0.163839514460627,-0.231545229550008,-0.130029188548333)
205	(-0.153997470430274,-0.0360471383629693,-0.132215243699878)
206	(-0.155663946713337,-0.0548944330750263,-0.133781516481205)
207	(-0.150580623900199,-0.045382754153551,-0.133784689108878)
208	(0.594585417143187,1.34082680430445,0.164198280667881)
209	(0.0427949768332693,0.884370983384924,-0.00107716108198199)
210	(-0.166636159718143,-0.259046131167629,-0.138939463873261)
211	(0.146896218211818,0.683623404394989,0.406138092447317)
212	(-0.166534355651438,-0.25777566123788,-0.138912505394686)
213	(-0.158143292717983,-0.0871512722242193,-0.138742109923698)
214	(-0.154928858009434,-0.0612191619536147,-0.132601511579273)
215	(-0.166637466671587,-0.258848204946541,-0.138928226342168)
216	(-0.161031459292089,-0.244388049462556,-0.130344744751243)
217	(-0.158739491686811,-0.156007137265761,-0.106377420500938)
218	(-0.166624238089899,-0.253889954829161,-0.138974592644002)
219	(-0.164601343846906,-0.210699958700303,-0.137805565044048)
220	(-0.12227771033675,-0.096911308406985,-0.0925990462881312)
221	(-0.155924085769536,-0.0527933417424394,-0.133780704281447)
222	(0.332409823213265,0.905589485842734,0.177549474718094)
223	(-0.155026755046001,-0.0375874053470169,-0.133365983755734)
224	(-0.163355181025495,-0.190823363649718,-0.138114466213101)
225	(-0.159767116679117,-0.151786353832481,-0.136963525239695)
226	(-0.153049348314948,-0.229580708139802,-0.130465994924487)
227	(-0.1666606599089,-0.259165333332129,-0.138975484181899)
228	(-0.16661844323812,-0.253719083584962,-0.13897426991938)
229	(-0.166209802461197,-0.228283272921873,-0.138920525726068)
230	(-0.152839571914489,-0.214235327592183,-0.124156350809645)
231	(-0.160977410889334,-0.244461386328995,-0.13741512442624)
232	(-0.166589185460221,-0.257195234457592,-0.138916908239066)
233	(-0.16109174511287,-0.130482495382736,-0.138750928901161)
234	(-0.166653426716822,-0.258957227861439,-0.138975410361459)
235	(-0.156814003508456,-0.0782465075902268,-0.133496651815311)
236	(-0.166284803609647,-0.228838375633574,-0.138920527025749)
237	(-0.14929536311702,-0.0595076884404673,-0.138674843885427)
238	(-0.166616963407236,-0.259106782529832,-0.138975460341931)
239	(-0.166661648767856,-0.259175837808083,-0.138975278408377)
240	(0.239682976915297,1.36530827175973,0.268415227479662)
241	(-0.157528298513908,-0.214658789907762,-0.129935491705423)
242	(-0.151414197423963,-0.0546717049915836,-0.133602237400449)
243	(-0.166651877734962,-0.258975559563413,-0.13893386381603)
244	(-0.166413348358729,-0.229039569206025,-0.138957729820778)
245	(-0.157006381523381,-0.0644982642133842,-0.133598915254562)
246	(-0.16630074290959,-0.258777951024768,-0.138808045853748)
247	(-0.156140811843072,-0.0375706729540225,-0.133365983752113)
248	(-0.158099568555928,-0.0788168808527523,-0.133500563212915)
249	(-0.166643303013952,-0.259119805833607,-0.138969989108788)
250	(-0.166661946117052,-0.259172220083999,-0.138975479890513)
251	(-0.164690562435999,-0.255641833525752,-0.136908892952521)
252	(-0.16522600535741,-0.251412507871401,-0.138081687658297)
253	(-0.166624217344607,-0.253904199408188,-0.138974592937159)
254	(-0.166661655682953,-0.25918482511986,-0.138975506222466)
255	(-0.156346867921028,-0.0621341552872019,-0.133598076711043)
256	(-0.148668903681143,-0.230849411118123,-0.119232300202488)
257	(-0.166577775549199,-0.258729546781794,-0.13887328602314)
258	(-0.166583114004538,-0.258734520733303,-0.138872292868012)
259	(-0.166660825871243,-0.259167164825901,-0.138975424326373)
260	(-0.166615981463378,-0.253377970593967,-0.138974206352326)
261	(0.0947688779723428,0.692133005597276,0.0932628062545556)
262	(-0.160715356351102,-0.164683404401373,-0.129269142884451)
263	(-0.15514171162832,-0.0574428103918469,-0.132148107530162)
264	(-0.16494716787733,-0.169087813316494,-0.137486777898821)
265	(-0.159615689872114,-0.0908533053729993,-0.138743338518599)
266	(-0.166656102859589,-0.258991298674887,-0.138974958716553)
267	(-0.161617403171193,-0.169406616450163,-0.129494313319358)
268	(0.585017750354969,1.35545679332586,0.165749677509797)
269	(-0.0937539493016031,0.114103208081808,-0.0880434295608669)
270	(0.000833286446018053,0.968118150117753,-0.00446754345593286)
271	(-0.157640800236583,-0.0526743130878766,-0.133776961953316)
272	(-0.166661462060221,-0.259129814087908,-0.138975494490389)
273	(-0.166602503938177,-0.258481350457256,-0.13890921793555)
274	(-0.166473032566019,-0.228446649710318,-0.138969860829763)
275	(-0.166608139742712,-0.258775377713151,-0.13892645652044)
276	(-0.1661122788399,-0.17051081189171,-0.138961605578006)
277	(-0.164152173683014,-0.175394195405288,-0.138585098685347)
278	(-0.15740487785214,-0.0593590566437654,-0.133322069937458)
279	(-0.151852089063687,-0.0272328704766597,-0.133369620112587)
280	(-0.160153753615512,-0.119281537132148,-0.138748753480061)
281	(-0.156473732301395,-0.0377466539401154,-0.133365983314425)
282	(-0.165723684930888,-0.23929428054096,-0.138959795028177)
283	(-0.166594109009704,-0.258678652210216,-0.138922502287223)
284	(-0.157152359233484,-0.0530941199598202,-0.133780704345841)
285	(-0.159997230381585,-0.246659276088983,-0.133060754460632)
286	(-0.164900636185654,-0.209564526440936,-0.138499619459035)
287	(-0.166591163178131,-0.257172167694601,-0.138914012018894)
288	(-0.166246915789957,-0.228130168424589,-0.138621594594578)
289	(-0.166625282269635,-0.259087081189038,-0.138972464829785)
290	(-0.166625372165904,-0.253709883367273,-0.138974564969859)
291	(-0.16655723770936,-0.258427249723811,-0.138844027626345)
292	(-0.165440822864011,-0.213317312503423,-0.138921253483272)
293	(-0.166328984168143,-0.228662540496413,-0.138621595826559)
294	(-0.165299333052243,-0.252025228455161,-0.137406456040585)
295	(-0.156913380375907,-0.0351695334869272,-0.133365049567532)
296	(0.244244458803981,0.240709287162106,0.031961565530938)
297	(0.107478599142645,0.252803817393943,-0.0322232104832635)
298	(-0.149009555218571,0.307250019181196,-0.0265782217432255)
299	(-0.166661628022563,-0.259166807747482,-0.138975485114426)
300	(-0.166660279578533,-0.259169286341114,-0.138975485120251)
-999
