TPCSV2apollo401-800-4.in
400 4 999
1	(-0.166613437,-0.258724355,-0.138948972)
2	(0.713007376,-0.025662036,0.406364292)
3	(-0.166633082,-0.25871298,-0.138961185)
4	(-0.155334809,-0.055898622,-0.133178728)
5	(-0.1666512,-0.259308638,-0.13897304)
6	(-0.164582244,-0.246748943,-0.137876923)
7	(-0.154831369,-0.058466556,-0.133179675)
8	(-0.161750989,-0.23693359,-0.134627679)
9	(-0.166616742,-0.253885908,-0.138974571)
10	(-0.153687294,-0.022176239,-0.133254084)
11	(-0.164372198,-0.208040937,-0.138675514)
12	(-0.166597,-0.258696355,-0.138942901)
13	(-0.166595188,-0.259078496,-0.138971293)
14	(-0.166660204,-0.259134829,-0.138975495)
15	(-0.166610871,-0.252584275,-0.13897437)
16	(-0.16658783,-0.259054342,-0.138917542)
17	(-0.165131026,-0.256416517,-0.138726201)
18	(-0.15419556,-0.066877201,-0.132559505)
19	(-0.153123651,-0.043184198,-0.131967294)
20	(-0.147938538,-0.014636037,-0.133612269)
21	(-0.160236251,-0.151501437,-0.13875112)
22	(-0.166563586,-0.259066554,-0.138903194)
23	(-0.163522526,-0.184284046,-0.135935768)
24	(-0.159908689,-0.128932174,-0.138755991)
25	(-0.166661075,-0.259173837,-0.138975487)
26	(-0.16664963,-0.258938458,-0.13897303)
27	(-0.143310159,-0.038051174,-0.132254858)
28	(-0.166512919,-0.258463151,-0.138848977)
29	(-0.164141483,-0.231148994,-0.137800548)
30	(-0.161355508,-0.2357567,-0.13474645)
31	(0.657648313,0.733188767,0.202337056)
32	(0.595989846,0.48055486,0.132807765)
33	(-0.166609696,-0.259113708,-0.138920169)
34	(-0.166622703,-0.2589202,-0.13895402)
35	(-0.166632225,-0.258908757,-0.138951841)
36	(-0.166635994,-0.258937211,-0.138962656)
37	(-0.166647169,-0.259015028,-0.13897181)
38	(-0.166220438,-0.255081553,-0.138859804)
39	(0.263074733,0.56192175,1.130670549)
40	(-0.16666104,-0.259136518,-0.138975494)
41	(-0.1340886,0.006193101,-0.114744455)
42	(-0.166610277,-0.259114916,-0.13890915)
43	(-0.166650315,-0.259090129,-0.13897238)
44	(-0.166637529,-0.25899903,-0.138951845)
45	(-0.16663876,-0.259015679,-0.138953476)
46	(-0.166638898,-0.258988614,-0.138962666)
47	(-0.164437601,-0.209990558,-0.138533178)
48	(-0.154124397,-0.044954591,-0.133160942)
49	(-0.153456641,-0.023102409,-0.133607092)
50	(-0.153532098,-0.025823989,-0.13360797)
51	(-0.154013596,-0.066877612,-0.132564229)
52	(-0.153099234,-0.019288939,-0.133348552)
53	(-0.166170974,-0.229928669,-0.138931469)
54	(0.638434092,0.691912185,0.111115428)
55	(-0.166659512,-0.259157938,-0.138974346)
56	(-0.166658717,-0.259150853,-0.138970568)
57	(-0.166653185,-0.259135533,-0.138961505)
58	(-0.166638587,-0.259154053,-0.13896748)
59	(-0.16665667,-0.259151319,-0.138966799)
60	(-0.166609772,-0.259118449,-0.13897546)
61	(-0.166650923,-0.258973849,-0.138933864)
62	(-0.153901786,-0.250099116,-0.131030974)
63	(-0.160711781,-0.158419723,-0.134576828)
64	(-0.166660452,-0.259133248,-0.138975494)
65	(-0.166661427,-0.259174585,-0.13897548)
66	(2.88717043,4.191272634,2.266817361)
67	(-0.166662562,-0.259182734,-0.138975506)
68	(-0.165849796,-0.2582093,-0.138539136)
69	(-0.166616749,-0.25932932,-0.138904229)
70	(8.347209877,3.377128329,2.107339437)
71	(-0.166649333,-0.258936979,-0.13897303)
72	(-0.152375852,-0.221597505,-0.12897746)
73	(-0.165141268,-0.214910135,-0.138778869)
74	(-0.162419769,-0.255352857,-0.138140385)
75	(-0.166656698,-0.259090338,-0.138973857)
76	(-0.164481955,-0.138082169,-0.138781812)
77	(-0.1666575,-0.259100625,-0.13897298)
78	(-0.166662313,-0.259175134,-0.138975487)
79	(-0.166066549,-0.250344761,-0.138751409)
80	(-0.166655474,-0.259308496,-0.138971759)
81	(-0.166661538,-0.259160131,-0.138974605)
82	(-0.166168727,-0.250331384,-0.138751366)
83	(-0.166655287,-0.259307456,-0.138971759)
84	(-0.166569872,-0.25769061,-0.138933446)
85	(-0.159491488,-0.167022355,-0.132516999)
86	(-0.166639292,-0.258758685,-0.138950884)
87	(-0.166460198,-0.259348314,-0.138950474)
88	(-0.166575749,-0.257693398,-0.138933449)
89	(-0.166654263,-0.259305289,-0.138971759)
90	(-0.166181298,-0.250310668,-0.138751412)
91	(-0.166175884,-0.250322944,-0.138751391)
92	(-0.166266873,-0.245988205,-0.138917061)
93	(-0.166179404,-0.250338184,-0.138751387)
94	(-0.166577146,-0.257705595,-0.138933441)
95	(-0.166654858,-0.259310973,-0.138971759)
96	(-0.164907302,-0.137600056,-0.138781772)
97	(-0.166654602,-0.259306121,-0.138971759)
98	(-0.166654519,-0.259308752,-0.138971759)
99	(-0.166087931,-0.248711702,-0.138712505)
100	(-0.165442807,-0.237476016,-0.138438943)
101	(-0.166575307,-0.257711814,-0.13893345)
102	(-0.166662264,-0.259178914,-0.138975486)
103	(-0.166577174,-0.25769144,-0.138933446)
104	(-0.166576213,-0.257696586,-0.138933445)
105	(-0.166655093,-0.259306877,-0.138971769)
106	(-0.138718659,-0.029904616,-0.074334123)
107	(-0.164683156,-0.207428613,-0.138042801)
108	(-0.165454121,-0.237446992,-0.138438904)
109	(-0.166596031,-0.259248898,-0.138946999)
110	(-0.165431812,-0.237465311,-0.138438841)
111	(-0.166647666,-0.259101146,-0.138973303)
112	(-0.165442227,-0.237433,-0.138438951)
113	(-0.166575383,-0.25768532,-0.138933652)
114	(-0.165446583,-0.23744714,-0.13843889)
115	(-0.16664757,-0.25910252,-0.138973302)
116	(-0.165443312,-0.237455794,-0.1384389)
117	(-0.166649298,-0.25910112,-0.138973302)
118	(-0.16664127,-0.257930938,-0.138955348)
119	(-0.166648275,-0.259104108,-0.138973303)
120	(-0.165465268,-0.239992663,-0.137912908)
121	(-0.16664804,-0.25909948,-0.138973302)
122	(-0.165474008,-0.237490548,-0.1384415)
123	(-0.166648904,-0.259099308,-0.138973302)
124	(-0.166646705,-0.259099296,-0.138973314)
125	(-0.164575184,-0.239248317,-0.136677931)
126	(-0.162507722,-0.246006433,-0.131600023)
127	(-0.166538899,-0.255401143,-0.138861348)
128	(-0.166178906,-0.2447447,-0.138917053)
129	(-0.161898633,-0.146844532,-0.114722053)
130	(-0.16396167,-0.242012467,-0.137255461)
131	(-0.16656537,-0.255632613,-0.138905923)
132	(-0.162522721,-0.200199221,-0.130890371)
133	(-0.16119458,-0.15201994,-0.114779696)
134	(-0.166555053,-0.255502337,-0.138874187)
135	(-0.166604267,-0.259242027,-0.138431689)
136	(-0.16660287,-0.258005116,-0.138960683)
137	(-0.166583425,-0.255708321,-0.138918728)
138	(-0.166601529,-0.257981498,-0.138960683)
139	(0.024648993,2.120283459,-0.046045915)
140	(-0.16663042,-0.259320262,-0.138655278)
141	(-0.166537447,-0.255456004,-0.138871919)
142	(-0.166596764,-0.257965821,-0.138959715)
143	(-0.165423113,-0.217809526,-0.138876252)
144	(-0.165258506,-0.225679355,-0.137140325)
145	(-0.166566704,-0.255647437,-0.138916363)
146	(-0.166591744,-0.257981011,-0.138959715)
147	(-0.159306094,-0.224240249,-0.131999173)
148	(-0.164435554,-0.246672845,-0.137658669)
149	(-0.166640184,-0.259311811,-0.138803126)
150	(-0.165809688,-0.251832658,-0.138130957)
151	(-0.166503466,-0.255269469,-0.138859392)
152	(-0.15888269,-0.241591449,-0.134326257)
153	(-0.166539722,-0.255487509,-0.13890357)
154	(-0.160090425,-0.156679477,-0.136855061)
155	(-0.166593542,-0.257825371,-0.138797085)
156	(-0.166608817,-0.257841125,-0.138797445)
157	(-0.16666057,-0.259138041,-0.138975494)
158	(-0.129515612,-0.026703027,-0.074302822)
159	(-0.158385895,-0.225239017,-0.132624479)
160	(-0.165546672,-0.252871773,-0.13843874)
161	(-0.141424108,-0.132302577,-0.122446181)
162	(-0.164775673,-0.141566409,-0.138781908)
163	(-0.166651325,-0.259077965,-0.138966279)
164	(-0.166617689,-0.258612652,-0.138859362)
165	(4.122636965,7.538978252,2.003975817)
166	(-0.163092407,-0.257673264,-0.137074502)
167	(-0.166662928,-0.259334576,-0.138971548)
168	(-0.166634341,-0.256003791,-0.138974588)
169	(-0.165324386,-0.22390024,-0.135840027)
170	(-0.166610567,-0.258039289,-0.138973093)
171	(13.69721001,3.974813719,5.956318223)
172	(-0.166625324,-0.258047034,-0.138972809)
173	(-0.166483405,-0.259118291,-0.138629679)
174	(-0.16666214,-0.259166114,-0.138974754)
175	(-0.16633471,-0.254110744,-0.138926726)
176	(4.07406702,7.518287336,2.001162879)
177	(-0.166638559,-0.259246258,-0.138952152)
178	(-0.161661923,-0.244367321,-0.137458737)
179	(-0.165839305,-0.239174428,-0.138959908)
180	(-0.165942105,-0.174838475,-0.138743816)
181	(-0.060831571,0.369493238,0.156850972)
182	(-0.160997776,-0.226091881,-0.133286868)
183	(-0.166550302,-0.256752352,-0.138915419)
184	(-0.16665676,-0.259132152,-0.138971654)
185	(-0.166648607,-0.258927546,-0.138947152)
186	(-0.166574512,-0.25714876,-0.138903609)
187	(-0.166656456,-0.258967011,-0.138950703)
188	(-0.166627087,-0.259007304,-0.138924176)
189	(-0.166661303,-0.259166761,-0.138975485)
190	(-0.148743504,-0.137844048,-0.12254914)
191	(-0.166157151,-0.258186061,-0.138094639)
192	(-0.166039601,-0.176302556,-0.138901089)
193	(-0.166644181,-0.257804446,-0.138972332)
194	(-0.166594704,-0.258531303,-0.138894858)
195	(-0.166551796,-0.257125725,-0.13880445)
196	(-0.153175736,-0.090703661,-0.138007018)
197	(-0.15538152,-0.038715714,-0.132161571)
198	(-0.16662809,-0.258730445,-0.138967042)
199	(-0.156277012,-0.044952105,-0.133160942)
200	(-0.162114931,-0.153977016,-0.138814421)
201	(-0.166623899,-0.253394739,-0.138974509)
202	(-0.163072091,-0.246788197,-0.13321723)
203	(-0.158958804,-0.21838683,-0.136084237)
204	(-0.165568835,-0.147118619,-0.138945194)
205	(0.54547474,1.345478982,0.164429493)
206	(-0.165940937,-0.246416227,-0.138747163)
207	(-0.166582858,-0.257223525,-0.138911907)
208	(-0.150515574,-0.227470236,-0.127237569)
209	(-0.166615325,-0.258782031,-0.138895831)
210	(-0.150777123,-0.053932109,-0.138767796)
211	(-0.16660294,-0.253549005,-0.138974319)
212	(-0.165666013,-0.186807607,-0.138968296)
213	(-0.162237577,-0.135252076,-0.138752273)
214	(-0.157629826,-0.056392117,-0.133174765)
215	(-0.157267184,-0.105564935,-0.137578691)
216	(-0.166616023,-0.258813789,-0.138893745)
217	(-0.166644361,-0.258771886,-0.138966535)
218	(-0.15964743,-0.081687825,-0.138740215)
219	(-0.162807886,-0.228012306,-0.126847384)
220	(-0.164917364,-0.210887905,-0.137805187)
221	(-0.145020782,-0.114405575,-0.137911489)
222	(-0.165681593,-0.23099515,-0.138968262)
223	(-0.165746982,-0.231151031,-0.13896819)
224	(-0.149950541,-0.049933541,-0.132750733)
225	(-0.166640247,-0.258755188,-0.138964664)
226	(-0.166649368,-0.258836348,-0.13897167)
227	(-0.165640676,-0.186775592,-0.138968247)
228	(-0.162474225,-0.235053545,-0.134876508)
229	(-0.152919296,-0.037045173,-0.133422951)
230	(-0.166243991,-0.227495902,-0.138913141)
231	(-0.037634122,0.156077086,0.190529886)
232	(-0.150596294,-0.055450566,-0.138730303)
233	(-0.157357848,-0.056482126,-0.133178727)
234	(-0.157400383,-0.045383727,-0.133160942)
235	(-0.067700164,0.207078376,0.155647578)
236	(-0.153286744,-0.221780697,-0.127804952)
237	(-0.166627329,-0.253716201,-0.138974565)
238	(-0.165765909,-0.231199924,-0.138968024)
239	(-0.157800663,-0.046965955,-0.133419365)
240	(-0.166337275,-0.228117903,-0.138913142)
241	(-0.165729563,-0.231091082,-0.138968151)
242	(-0.166581288,-0.258533611,-0.138861691)
243	(-0.16658559,-0.258549806,-0.13885982)
244	(-0.166661842,-0.259136806,-0.138975494)
245	(-0.156805899,-0.062993976,-0.131289665)
246	(-0.159434514,-0.147639212,-0.138947305)
247	(-0.165977531,-0.247986431,-0.137841212)
248	(-0.166659975,-0.259167492,-0.138954143)
249	(-0.166605996,-0.257618786,-0.138862031)
250	(-0.166656089,-0.259087918,-0.138972712)
251	(-0.166655833,-0.259092868,-0.138973052)
252	(-0.166655536,-0.259098304,-0.13897302)
253	(-0.154413683,0.002136332,-0.137778472)
254	(-0.157472798,-0.023924898,-0.133603724)
255	(0.603469215,-0.024232712,0.406364861)
256	(-0.157935798,-0.044429137,-0.133418475)
257	(-0.161051859,-0.092771881,-0.138737214)
258	(-0.166369175,-0.228503264,-0.138540954)
259	(-0.124101858,-0.127498842,-0.124799516)
260	(-0.165506793,-0.186788999,-0.138965786)
261	(-0.166643358,-0.256521731,-0.138975164)
262	(-0.166657901,-0.259118451,-0.138973454)
263	(-0.166656449,-0.259102271,-0.138972975)
264	(-0.166656442,-0.259104814,-0.138973381)
265	(-0.166623263,-0.253563302,-0.138974229)
266	(-0.166655128,-0.25931164,-0.13897304)
267	(-0.1666575,-0.259157954,-0.138974381)
268	(-0.158314476,-0.064631113,-0.132602574)
269	(-0.1666562,-0.259133837,-0.138970365)
270	(-0.166661628,-0.259166539,-0.138974783)
271	(-0.166661179,-0.259162846,-0.138974743)
272	(-0.166661047,-0.259162868,-0.138974574)
273	(-0.160628662,-0.254223029,-0.13391988)
274	(-0.166384671,-0.245280187,-0.138964919)
275	(-0.166597069,-0.25720024,-0.138920128)
276	(-0.160788822,-0.162859385,-0.129218758)
277	(-0.166652687,-0.259081796,-0.138966607)
278	(-0.16566416,-0.186564817,-0.138967703)
279	(-0.157539045,-0.023860161,-0.13360709)
280	(-0.159789432,-0.125668144,-0.135836368)
281	(-0.152240068,-0.074639368,-0.138415186)
282	(-0.166604862,-0.259197759,-0.138930739)
283	(-0.16662159,-0.259325905,-0.138897979)
284	(-0.166650979,-0.259317031,-0.138923814)
285	(-0.159019712,-0.144284513,-0.13893939)
286	(-0.165998761,-0.175165857,-0.138941226)
287	(-0.153184684,-0.031031703,-0.133265798)
288	(-0.166056343,-0.2284978,-0.138907716)
289	(-0.161856258,-0.153250446,-0.138739102)
290	(-0.157537897,-0.041065461,-0.133261322)
291	(-0.14563673,0.00160573,-0.137538548)
292	(-0.166629404,-0.253711116,-0.138974565)
293	(-0.162313477,-0.199836031,-0.138154626)
294	(-0.166610539,-0.258429842,-0.138960158)
295	(-0.166648316,-0.25915038,-0.138934919)
296	(-0.166265102,-0.255739875,-0.138815054)
297	(-0.166662271,-0.259174573,-0.138975485)
298	(-0.162072126,-0.156900796,-0.13487161)
299	(-0.166626354,-0.259115265,-0.13897546)
300	(-0.16660778,-0.258447464,-0.138859362)
301	(-0.165395972,-0.186647553,-0.138963607)
302	(-0.163465256,-0.254657367,-0.136565999)
303	(-0.157679407,-0.038650372,-0.133260395)
304	(-0.157832632,-0.044554449,-0.133414705)
305	(-0.161036355,-0.080422317,-0.138575134)
306	(-0.13986142,0.072292226,-0.138019877)
307	(-0.166623892,-0.258572846,-0.138933815)
308	(-0.158046599,-0.064575319,-0.132602579)
309	(-0.166654187,-0.258976204,-0.138933864)
310	(-0.165790547,-0.231182686,-0.138966027)
311	(-0.166625026,-0.253708707,-0.13897432)
312	(-0.166366084,-0.255924459,-0.138681244)
313	(-0.16574757,-0.2310267,-0.138966944)
314	(-0.157817329,-0.079661795,-0.132372856)
315	(-0.16587729,-0.146643721,-0.138953167)
316	(-0.164750841,-0.208719227,-0.137761116)
317	(-0.162673996,-0.154154961,-0.13875176)
318	(-0.166661988,-0.259177661,-0.13897548)
319	(-0.16080732,-0.21234499,-0.135133951)
320	(-0.165897448,-0.224729877,-0.138472741)
321	(-0.163182428,-0.238888734,-0.135350057)
322	(-0.16666252,-0.259189711,-0.138975506)
323	(-0.166020571,-0.249603109,-0.138116986)
324	(-0.15744141,-0.044652594,-0.133418475)
325	(-0.16603492,-0.224891899,-0.138472742)
326	(-0.166661469,-0.259166219,-0.138975485)
327	(-0.165333093,-0.230129565,-0.138959257)
328	(-0.158082682,-0.171635862,-0.137430635)
329	(-0.158723407,-0.081320465,-0.133501415)
330	(-0.157336446,-0.019616161,-0.133348555)
331	(-0.166628622,-0.253702732,-0.138974565)
332	(0.103774555,-0.189664718,-0.096374644)
333	(-0.152728495,-0.00847971,-0.133352258)
334	(-0.152768499,-0.077505552,-0.138263364)
335	(-0.166661573,-0.259134496,-0.138975494)
336	(-0.166574961,-0.259090751,-0.138863697)
337	(-0.155989461,-0.2314164,-0.129770335)
338	(-0.163180443,-0.200032067,-0.134061514)
339	(-0.166602698,-0.257414173,-0.13892263)
340	(0.10752009,0.549793591,0.175426786)
341	(-0.166449839,-0.22797204,-0.138970064)
342	(-0.159634734,-0.086142266,-0.138752361)
343	(-0.160705599,-0.086195688,-0.138741463)
344	(-0.122014985,1.288290815,0.133576137)
345	(-0.165531466,-0.230262202,-0.138963452)
346	(-0.157063424,-0.016938487,-0.133347602)
347	(-0.158558932,-0.175106788,-0.137430647)
348	(-0.15759942,-0.038473335,-0.133256735)
349	(-0.166409324,-0.227943556,-0.13896548)
350	(-0.166316046,-0.259357373,-0.138927471)
351	(-0.166620898,-0.253217165,-0.13897423)
352	(-0.158611597,-0.173358345,-0.137430027)
353	(-0.15854006,-0.17253938,-0.13743002)
354	(-0.158753675,-0.081215878,-0.133501418)
355	(-0.164113297,-0.199454646,-0.137814083)
356	(-0.166660549,-0.259163255,-0.138975317)
357	(-0.166661787,-0.259174163,-0.138975421)
358	(-0.157996091,-0.04565139,-0.13316094)
359	(-0.166661504,-0.259171754,-0.138975414)
360	(-0.166649271,-0.258980453,-0.138964433)
361	(-0.166512027,-0.258146557,-0.138685837)
362	(-0.166654091,-0.259057122,-0.13897057)
363	(-0.14867521,-0.097736925,-0.131828572)
364	(-0.164430022,-0.182602058,-0.138923694)
365	(-0.166658433,-0.259321263,-0.138937852)
366	(-0.120528806,0.061199956,0.00372264)
367	(-0.14022707,0.086847701,-0.137653883)
368	(-0.160306626,-0.254180323,-0.133816475)
369	(-0.166661856,-0.259319124,-0.138971266)
370	(-0.166248963,-0.246079844,-0.13891529)
371	(-0.163383568,-0.163118497,-0.137097635)
372	(-0.152853098,-0.035481914,-0.13316548)
373	(-0.164341232,-0.182470822,-0.138918251)
374	(-0.161792466,-0.220310814,-0.138918179)
375	(-0.1544969,-0.135547817,-0.138916933)
376	(-0.166656248,-0.259166775,-0.138966151)
377	(-0.161037655,-0.164586974,-0.128808629)
378	(-0.157322422,-0.053341329,-0.13273211)
379	(-0.166240132,-0.245993337,-0.138915298)
380	(-0.166658081,-0.259321981,-0.138932481)
381	(-0.069168558,0.177977049,0.155384066)
382	(-0.148614807,-0.09567153,-0.131828501)
383	(-0.158233196,-0.145367521,-0.138915047)
384	(-0.166656836,-0.259320344,-0.138928832)
385	(-0.147978528,-0.096088516,-0.131828171)
386	(-0.147577238,-0.095797479,-0.131828881)
387	(-0.166626396,-0.259236328,-0.1389569)
388	(-0.166655992,-0.259319191,-0.138929549)
389	(-0.16664916,-0.259013834,-0.138959336)
390	(-0.166530739,-0.258518423,-0.138670369)
391	(-0.166659747,-0.259167996,-0.138975396)
392	(-0.166654893,-0.25905376,-0.138969879)
393	(-0.16657456,-0.258533774,-0.138722137)
394	(-0.166657624,-0.259160294,-0.138975289)
395	(-0.166661054,-0.259168604,-0.138975404)
396	(-0.166601536,-0.257605642,-0.138862031)
397	(-0.165968431,-0.214711647,-0.138963569)
398	(-0.157049393,-0.038515974,-0.133260392)
399	(-0.162476369,-0.15563859,-0.138739683)
400	(-0.150725433,-0.1360976,-0.138891379)
-999
