TPCSVapollo500-700-8.in
200 8 999
1	(-0.165442807497019,-0.237476016272143,-0.138438942503271)
2	(-0.16657530685936,-0.257711813772356,-0.138933449853045)
3	(-0.166662264211541,-0.259178914047052,-0.138975486393954)
4	(-0.166577173935709,-0.257691440185335,-0.138933446026583)
5	(-0.166576212737144,-0.257696585970356,-0.138933445145855)
6	(-0.166655093255341,-0.259306877206019,-0.138971769192561)
7	(-0.138718659118815,-0.0299046158728769,-0.0743341228246978)
8	(-0.164683156366481,-0.207428613256723,-0.138042801069373)
9	(-0.165454120596675,-0.237446992334671,-0.138438904051304)
10	(-0.166596031406834,-0.259248898064479,-0.138946999461101)
11	(-0.165431812491853,-0.237465310625248,-0.138438840784333)
12	(-0.166647666440531,-0.259101146390643,-0.13897330251572)
13	(-0.165442226628822,-0.237433000057532,-0.138438950526181)
14	(-0.166575382925433,-0.257685320397676,-0.13893365210381)
15	(-0.165446583140303,-0.237447139860027,-0.138438889918714)
16	(-0.166647569629164,-0.259102520220525,-0.13897330236489)
17	(-0.165443312299143,-0.23745579440154,-0.138438900469507)
18	(-0.166649298403562,-0.259101120406063,-0.138973302118337)
19	(-0.166641269975261,-0.257930937543111,-0.13895534804614)
20	(-0.166648274969119,-0.259104107794533,-0.138973302541855)
21	(-0.165465267733988,-0.239992663064127,-0.137912908247929)
22	(-0.166648039855801,-0.259099480024684,-0.138973302310101)
23	(-0.165474008417341,-0.237490548357974,-0.138441500453822)
24	(-0.166648904242999,-0.259099308191172,-0.138973302350721)
25	(-0.166646705241966,-0.259099295617988,-0.138973314054931)
26	(-0.164575184032727,-0.239248317172066,-0.136677930923992)
27	(-0.162507721985772,-0.246006432799309,-0.131600022794899)
28	(-0.166538898870554,-0.25540114339194,-0.138861348128898)
29	(-0.16617890580517,-0.244744699555872,-0.13891705289564)
30	(-0.161898633275038,-0.146844531837047,-0.114722053221978)
31	(-0.163961669659536,-0.242012467087054,-0.13725546113086)
32	(-0.166565369864124,-0.255632613190969,-0.138905922732333)
33	(-0.162522720832443,-0.200199221172354,-0.130890370603261)
34	(-0.161194579529115,-0.152019940117449,-0.114779696030523)
35	(-0.166555052538522,-0.255502336566183,-0.138874186885517)
36	(-0.166604267288062,-0.259242027238641,-0.138431689003741)
37	(-0.166602870438349,-0.258005115974653,-0.138960682840061)
38	(-0.166583425183929,-0.255708321359872,-0.138918728177611)
39	(-0.166601528909417,-0.257981497668,-0.138960682624051)
40	(0.0246489931839851,2.12028345879935,-0.0460459145360388)
41	(-0.166630420187144,-0.259320261779275,-0.138655277757453)
42	(-0.16653744670006,-0.255456004383898,-0.138871919240625)
43	(-0.166596764407178,-0.257965821422444,-0.138959715162451)
44	(-0.165423113299086,-0.21780952582847,-0.138876252467942)
45	(-0.165258506316078,-0.225679354822957,-0.13714032519037)
46	(-0.166566704477959,-0.255647436974663,-0.138916362684327)
47	(-0.166591744046329,-0.257981010666681,-0.138959714981394)
48	(-0.159306094037958,-0.224240249161087,-0.131999172631319)
49	(-0.16443555438221,-0.246672845068934,-0.137658668758826)
50	(-0.166640184304939,-0.25931181092334,-0.138803126101288)
51	(-0.165809687999602,-0.251832657572157,-0.138130957485436)
52	(-0.166503465910508,-0.255269468629116,-0.138859392014686)
53	(-0.158882689527683,-0.241591448998405,-0.134326257179111)
54	(-0.166539721767167,-0.25548750942964,-0.13890356997214)
55	(-0.160090425151792,-0.156679477372439,-0.136855061286534)
56	(-0.166593541971702,-0.257825371415544,-0.138797084986156)
57	(-0.166608817422276,-0.257841124776627,-0.138797445480865)
58	(-0.166660570012632,-0.259138041141171,-0.138975494489759)
59	(-0.129515611596269,-0.0267030272912035,-0.074302822087009)
60	(-0.158385895086697,-0.225239016780088,-0.132624479045324)
61	(-0.165546672262806,-0.252871773376168,-0.13843874033469)
62	(-0.141424108069328,-0.132302576895717,-0.122446180505625)
63	(-0.164775673457124,-0.141566409027163,-0.138781908147311)
64	(-0.166651324527155,-0.259077964792574,-0.138966278540725)
65	(-0.166617689492483,-0.258612652215627,-0.138859361932631)
66	(4.12263696462373,7.53897825223091,2.00397581695695)
67	(-0.163092407317115,-0.257673263552629,-0.13707450220516)
68	(-0.16666292806091,-0.25933457592992,-0.138971547908835)
69	(-0.166634341047477,-0.256003791179055,-0.138974587729462)
70	(-0.165324386450808,-0.223900240095629,-0.135840027236658)
71	(-0.166610566941966,-0.258039289049995,-0.138973092975249)
72	(13.6972100060206,3.9748137192067,5.95631822342696)
73	(-0.166625323760221,-0.258047034131213,-0.138972809253168)
74	(-0.166483405212402,-0.259118291184066,-0.138629678659588)
75	(-0.166662139739784,-0.259166113707736,-0.138974754447701)
76	(-0.166334709868947,-0.254110744127662,-0.138926725732387)
77	(4.07406702027282,7.51828733649117,2.00116287856996)
78	(-0.166638559257006,-0.259246257695882,-0.138952151667769)
79	(-0.16166192256947,-0.244367321311751,-0.13745873692235)
80	(-0.165839305362576,-0.239174427923752,-0.138959907573431)
81	(-0.165942105203333,-0.174838474931157,-0.138743816301963)
82	(-0.0608315707561868,0.369493237817366,0.156850971657689)
83	(-0.160997775851733,-0.226091880983271,-0.133286867740511)
84	(-0.166550301866478,-0.256752351602323,-0.138915419032466)
85	(-0.16665675979386,-0.259132151861881,-0.138971654146977)
86	(-0.166648606893803,-0.258927545927348,-0.138947152008807)
87	(-0.166574511623137,-0.257148759779224,-0.138903608949017)
88	(-0.166656455529566,-0.258967010636644,-0.138950702728439)
89	(-0.166627087110106,-0.259007304337858,-0.138924175991786)
90	(-0.166661303012976,-0.259166760807595,-0.138975485309496)
91	(-0.148743503753933,-0.137844047554824,-0.122549139929573)
92	(-0.166157150908155,-0.258186060853708,-0.138094638874206)
93	(-0.16603960116424,-0.176302555965318,-0.138901088943471)
94	(-0.166644181231346,-0.25780444628486,-0.138972331809406)
95	(-0.166594703708097,-0.258531302878261,-0.138894857608001)
96	(-0.166551795527557,-0.257125724868299,-0.138804450146747)
97	(-0.153175735553582,-0.0907036610158957,-0.13800701798574)
98	(-0.155381520297608,-0.0387157136404456,-0.132161570536196)
99	(-0.166628089799256,-0.258730445345329,-0.138967042290815)
100	(-0.156277011605184,-0.0449521050061148,-0.133160942124844)
101	(-0.162114930612524,-0.153977015688211,-0.13881442116092)
102	(-0.166623899250117,-0.253394739030088,-0.138974509247963)
103	(-0.163072090760398,-0.246788197324556,-0.133217229756999)
104	(-0.158958804006845,-0.218386830268116,-0.136084237175423)
105	(-0.165568835150578,-0.147118618861656,-0.138945193619407)
106	(0.545474739821216,1.34547898205586,0.164429492522885)
107	(-0.165940936551841,-0.246416227225891,-0.138747163449422)
108	(-0.166582858145927,-0.257223524959343,-0.13891190670702)
109	(-0.150515573577179,-0.227470236373892,-0.127237569039331)
110	(-0.166615324529107,-0.258782031442015,-0.138895831319718)
111	(-0.150777123313287,-0.0539321092483611,-0.13876779583865)
112	(-0.166602939589325,-0.253549005289555,-0.138974318516728)
113	(-0.165666013016996,-0.186807606933521,-0.138968296245783)
114	(-0.162237576783362,-0.135252076495149,-0.138752272905652)
115	(-0.157629825976709,-0.0563921172001969,-0.133174765030772)
116	(-0.157267184428949,-0.105564934591432,-0.137578691078522)
117	(-0.166616022953964,-0.258813788789645,-0.138893745442438)
118	(-0.166644361023883,-0.258771885720905,-0.138966534912992)
119	(-0.159647430170047,-0.0816878248762582,-0.138740214860939)
120	(-0.162807885626817,-0.22801230572327,-0.126847384120413)
121	(-0.164917363806722,-0.210887905166308,-0.137805187098352)
122	(-0.145020781712205,-0.114405575149857,-0.137911488994373)
123	(-0.165681592731864,-0.23099515024434,-0.138968261548799)
124	(-0.165746981894665,-0.231151030900605,-0.138968189887828)
125	(-0.149950540953185,-0.0499335409126249,-0.132750733258186)
126	(-0.166640246540818,-0.258755187694613,-0.138964664101596)
127	(-0.166649367554538,-0.25883634759601,-0.138971669746922)
128	(-0.16564067609943,-0.18677559225473,-0.138968246558939)
129	(-0.162474225253051,-0.235053545141421,-0.134876507985489)
130	(-0.152919296074592,-0.0370451725462491,-0.133422951107135)
131	(-0.166243990703677,-0.227495902433079,-0.138913140514184)
132	(-0.0376341221483567,0.156077085639824,0.190529886277123)
133	(-0.150596293511335,-0.0554505659495856,-0.138730302857145)
134	(-0.157357848273438,-0.0564821261083486,-0.133178726565502)
135	(-0.157400383038707,-0.0453837273179767,-0.133160941808701)
136	(-0.067700164313869,0.207078375886905,0.155647578374885)
137	(-0.153286743615177,-0.221780697196717,-0.127804951949997)
138	(-0.166627329138522,-0.253716200973024,-0.138974564982297)
139	(-0.165765908516766,-0.231199923821323,-0.138968024262392)
140	(-0.157800663462645,-0.0469659552074094,-0.133419364929288)
141	(-0.166337275370152,-0.228117902864691,-0.138913141762224)
142	(-0.165729562763839,-0.231091081960271,-0.138968150592131)
143	(-0.166581288418774,-0.258533611314806,-0.138861690991247)
144	(-0.166585589609475,-0.258549805575534,-0.138859820402473)
145	(-0.166661842390588,-0.25913680561631,-0.138975494490074)
146	(-0.156805899014081,-0.0629939758138722,-0.131289665461362)
147	(-0.159434514315283,-0.1476392123749,-0.138947304731745)
148	(-0.165977531248281,-0.247986430960554,-0.137841212383247)
149	(-0.166659975314239,-0.25916749172868,-0.13895414284234)
150	(-0.16660599606246,-0.257618785623669,-0.138862030744755)
151	(-0.166656089029394,-0.259087917724866,-0.138972712444834)
152	(-0.166655833170783,-0.259092868206432,-0.138973051645879)
153	(-0.166655535821587,-0.259098304012893,-0.138973020015858)
154	(-0.154413683239056,0.00213633249022114,-0.137778472079627)
155	(-0.157472797940659,-0.0239248976722601,-0.133603724294546)
156	(0.603469215355344,-0.0242327118432926,0.406364860672059)
157	(-0.157935798299728,-0.0444291368375577,-0.133418474804588)
158	(-0.161051858829976,-0.0927718810167689,-0.138737214407014)
159	(-0.16636917471533,-0.22850326424231,-0.13854095371396)
160	(-0.124101857759939,-0.127498841986842,-0.124799516204413)
161	(-0.16550679289501,-0.186788999459717,-0.138965785885898)
162	(-0.166643358334733,-0.256521730912306,-0.138975164218016)
163	(-0.166657900784962,-0.259118451282606,-0.138973454352576)
164	(-0.166656448614469,-0.259102271271486,-0.138972974623706)
165	(-0.166656441699371,-0.259104814407462,-0.13897338078357)
166	(-0.166623263061139,-0.253563301837742,-0.138974228727299)
167	(-0.166655127830829,-0.259311639928041,-0.138973039941039)
168	(-0.166657499709302,-0.259157953711453,-0.138974381166213)
169	(-0.158314475958798,-0.0646311133115744,-0.132602573984782)
170	(-0.166656199670956,-0.25913383666851,-0.13897036535191)
171	(-0.166661628022563,-0.259166538681348,-0.138974782830489)
172	(-0.16666117854122,-0.259162845518162,-0.138974742701769)
173	(-0.166661047154365,-0.259162868149893,-0.138974573570107)
174	(-0.160628661772629,-0.25422302936465,-0.133919880070101)
175	(-0.166384671449027,-0.24528018726264,-0.138964919461829)
176	(-0.166597068671472,-0.257200240261167,-0.138920128407811)
177	(-0.160788822347887,-0.162859384967228,-0.12921875827192)
178	(-0.16665268680138,-0.259081796260782,-0.138966607137289)
179	(-0.165664159770842,-0.186564817078015,-0.138967703227748)
180	(-0.157539044575561,-0.0238601608635364,-0.133607090459693)
181	(-0.159789431699037,-0.125668143677465,-0.135836367826101)
182	(-0.152240067529014,-0.0746393684506089,-0.13841518599429)
183	(-0.166604861986455,-0.259197758734924,-0.13893073880327)
184	(-0.166621589607523,-0.259325904624162,-0.138897979168225)
185	(-0.166650978772276,-0.259317031309252,-0.138923814149219)
186	(-0.159019712186409,-0.144284512590245,-0.138939389750691)
187	(-0.16599876059788,-0.175165857167236,-0.138941226332075)
188	(-0.153184683689862,-0.031031702891053,-0.133265797660428)
189	(-0.166056342615503,-0.228497799936633,-0.138907716375608)
190	(-0.161856257557013,-0.1532504457634,-0.138739102048605)
191	(-0.157537896669362,-0.0410654614760972,-0.133261321545866)
192	(-0.145636730199747,0.00160572988446373,-0.137538548475766)
193	(-0.166629403667798,-0.253711116377497,-0.138974564890036)
194	(-0.162313476894498,-0.199836031347039,-0.1381546257624)
195	(-0.166610539281576,-0.258429842314309,-0.138960157888762)
196	(-0.166648316459704,-0.259150380463747,-0.138934919493272)
197	(-0.166265102496616,-0.255739875021924,-0.138815054323262)
198	(-0.166662271126639,-0.259174572945793,-0.138975485177088)
199	(-0.162072126158448,-0.156900795582873,-0.134871609635958)
200	(-0.166626354109762,-0.259115265237832,-0.138975460317056)
-999
