TPCSV7apollo1000-1100-3.in
100 3 999
1	(-0.166662174315272,-0.259174745617518,-0.138975485557624)
2	(-0.166621983768085,-0.25338864941807,-0.138974205062564)
3	(-0.166622557721185,-0.25927011237839,-0.138919600818105)
4	(-0.157772816364654,-0.0595067420988337,-0.133322070264779)
5	(-0.161525729722456,-0.122390879617166,-0.138749679051011)
6	(-0.166661856220783,-0.259166366847837,-0.13897548350427)
7	(4.46809810455674,1.27895078550101,0.225630920814953)
8	(-0.157457467169304,-0.0622301750154199,-0.133594283614601)
9	(-0.165449646528535,-0.213120981400252,-0.138923542026964)
10	(-0.166606134364411,-0.258691802922253,-0.138920273423509)
11	(-0.166608762101495,-0.258536673304166,-0.13889061355121)
12	(-0.166616534671185,-0.258784573739779,-0.138922847021081)
13	(-0.166189070998626,-0.228561893836558,-0.138918987091301)
14	(-0.154550138859779,-0.0237334349058543,-0.132046768474751)
15	(-0.166645038703447,-0.258613135864097,-0.138975305254692)
16	(-0.160497565352538,-0.167308459698674,-0.128973464649568)
17	(0.267098379193787,0.596644635214343,0.188136750585077)
18	(-0.156481850625965,-0.0592678842970065,-0.133322070386482)
19	(-0.151487525118797,-0.0494418757806561,-0.133325957985682)
20	(-0.166582692183585,-0.258336315429332,-0.138911181369064)
21	(-0.165022639252416,-0.24978585473256,-0.138135025109998)
22	(-0.156714197904954,-0.0622943577658443,-0.133598076501803)
23	(0.184588292234322,2.02016024573261,0.696614079645123)
24	(-0.158923862018728,-0.1460478815004,-0.132043171975032)
25	(-0.166350448631059,-0.229214084997099,-0.138918988447661)
26	(0.222484721220776,0.129736601712407,0.2186082830826)
27	(-0.0441328617114929,0.0102295500794059,0.254647904163186)
28	(-0.166643047155341,-0.259024594142001,-0.138960133638029)
29	(-0.16089223763233,-0.132429756326227,-0.138743596505431)
30	(-0.166604357184331,-0.25911632473812,-0.13883149635762)
31	(-0.166618083653045,-0.259086797873296,-0.138944196153213)
32	(-0.16662936909231,-0.258907077622342,-0.138942203218759)
33	(-0.166637757105686,-0.258938814014666,-0.1389585487244)
34	(-0.166626478581518,-0.258908484980715,-0.138950577153789)
35	(0.147953419076512,1.78539059701391,0.103333054984193)
36	(-0.166478958804653,-0.229130782625184,-0.138970676617458)
37	(-0.129596068756716,-0.104938682747272,-0.0825051703747373)
38	(-0.166661199286512,-0.259173579664274,-0.138970618225982)
39	(-0.154088203425739,-0.0913524817249673,-0.138040622234466)
40	(-0.166318929616249,-0.229695979927047,-0.138750604314635)
41	(-0.162911660496334,-0.148133450818486,-0.137534948209414)
42	(-0.155740455353061,-0.0256080421258928,-0.133255028693389)
43	(-0.16381369348623,-0.17012971366161,-0.138312813853251)
44	(-0.156253852943359,-0.0567789462874707,-0.133321157470847)
45	(-0.166643123221415,-0.258993040479949,-0.138959713457201)
46	(-0.132295411676058,-0.100804221764655,-0.113192561027792)
47	(-0.166633317613034,-0.259064404194745,-0.13894460693084)
48	(-0.166588888111024,-0.25883900389064,-0.138832002008937)
49	(-0.166633767094377,-0.258998053827434,-0.138946967689382)
50	(-0.166634873509991,-0.258923558551661,-0.138947765107891)
51	(-0.166639568861254,-0.258947278281996,-0.138958001490388)
52	(-0.0255596909935525,1.30277783550401,0.155950818782728)
53	(-0.161462816164591,-0.244510251588708,-0.134613987001472)
54	(-0.164323827150465,-0.208180202979074,-0.137693947758157)
55	(-0.166648461676753,-0.258950459297496,-0.138952406200647)
56	(-0.166657873124572,-0.259151947082448,-0.138965269462582)
57	(-0.165976009926812,-0.248797964593966,-0.138781264454329)
58	(-0.166656877350519,-0.259151567372298,-0.138964521798774)
59	(-0.166656835859934,-0.259152418995947,-0.138969118444029)
60	(-0.166658868898625,-0.259150856568307,-0.138969667112806)
61	(-0.166658149728476,-0.259150450873577,-0.138965975312099)
62	(-0.166651801668889,-0.259309505839645,-0.138972318945953)
63	(-0.166617184690359,-0.253402141282495,-0.138974509314088)
64	(-0.160761362495361,-0.13518575295063,-0.13874441268673)
65	(-0.166569553498166,-0.257104315250933,-0.138909511428143)
66	(-0.157319891302772,-0.243197866017035,-0.136665703824134)
67	(-0.15483680423033,-0.0253985192382839,-0.133255030089739)
68	(-0.166613125528074,-0.253396148064886,-0.13897419812915)
69	(-0.160324902280839,-0.1640781120546,-0.129260227683392)
70	(-0.166275405992024,-0.248283906621658,-0.138970204275592)
71	(-0.146982394360365,-0.0612648696677708,-0.133432574385038)
72	(-0.160243006780092,-0.174083534874432,-0.138057822468782)
73	(-0.120879235575845,-0.127594934639526,-0.112083996695331)
74	(-0.166190862008901,-0.228545450626791,-0.138954274193523)
75	(-0.166428485507351,-0.229482120129241,-0.138970669972949)
76	(-0.159155358740714,-0.225158278499455,-0.133652033089057)
77	(-0.166545426722678,-0.257732899001581,-0.13894461707134)
78	(-0.166605014118602,-0.259331678230161,-0.138902494697824)
79	(-0.166646165864354,-0.259317685953022,-0.13892626547259)
80	(-0.164817288514414,-0.257805208219798,-0.13796484121646)
81	(-0.0399720336620157,0.279639973107899,0.158381714290858)
82	(-0.166660307238923,-0.259165889905065,-0.138975482619763)
83	(-0.159514964560633,-0.13515808021131,-0.138091714210001)
84	(0.920775224275482,2.03641204554068,0.541573377275445)
85	(-0.166517123228246,-0.256814617361325,-0.138941479489384)
86	(-0.154223995197093,-0.0255953566216559,-0.133255030247495)
87	(-0.154166924896692,-0.034752570669158,-0.133361281158881)
88	(-0.166660348729509,-0.259164041647047,-0.138975484438371)
89	(-0.165539729504826,-0.23941211390485,-0.138959796662736)
90	(-0.160770663301619,-0.169179771906346,-0.129309744768189)
91	(0.0567531082316987,1.02793314245787,0.156507492132385)
92	(-0.165877469786169,-0.252652802160043,-0.13832178208049)
93	(-0.166604094410623,-0.258509502653985,-0.138908479849703)
94	(0.411822216141678,-0.17907876188714,-0.0868999401332782)
95	(0.101034260652242,-0.0611291538836752,0.0244516604829895)
96	(-0.159604093253457,-0.144306529073282,-0.13430479690768)
97	(-0.147608072390214,-0.0141222501314009,-0.133259340635858)
98	(-0.159247191236696,-0.14154396254124,-0.138099518620907)
99	(-0.153303955293076,-0.0684780524035919,-0.131205949095654)
100	(-0.16661454312308,-0.259117133612944,-0.13897546030572)
-999
