TPCSVapollo500-1000-5.in
500 5 999
1	(-0.165442807497019,-0.237476016272143,-0.138438942503271)
2	(-0.16657530685936,-0.257711813772356,-0.138933449853045)
3	(-0.166662264211541,-0.259178914047052,-0.138975486393954)
4	(-0.166577173935709,-0.257691440185335,-0.138933446026583)
5	(-0.166576212737144,-0.257696585970356,-0.138933445145855)
6	(-0.166655093255341,-0.259306877206019,-0.138971769192561)
7	(-0.138718659118815,-0.0299046158728769,-0.0743341228246978)
8	(-0.164683156366481,-0.207428613256723,-0.138042801069373)
9	(-0.165454120596675,-0.237446992334671,-0.138438904051304)
10	(-0.166596031406834,-0.259248898064479,-0.138946999461101)
11	(-0.165431812491853,-0.237465310625248,-0.138438840784333)
12	(-0.166647666440531,-0.259101146390643,-0.13897330251572)
13	(-0.165442226628822,-0.237433000057532,-0.138438950526181)
14	(-0.166575382925433,-0.257685320397676,-0.13893365210381)
15	(-0.165446583140303,-0.237447139860027,-0.138438889918714)
16	(-0.166647569629164,-0.259102520220525,-0.13897330236489)
17	(-0.165443312299143,-0.23745579440154,-0.138438900469507)
18	(-0.166649298403562,-0.259101120406063,-0.138973302118337)
19	(-0.166641269975261,-0.257930937543111,-0.13895534804614)
20	(-0.166648274969119,-0.259104107794533,-0.138973302541855)
21	(-0.165465267733988,-0.239992663064127,-0.137912908247929)
22	(-0.166648039855801,-0.259099480024684,-0.138973302310101)
23	(-0.165474008417341,-0.237490548357974,-0.138441500453822)
24	(-0.166648904242999,-0.259099308191172,-0.138973302350721)
25	(-0.166646705241966,-0.259099295617988,-0.138973314054931)
26	(-0.164575184032727,-0.239248317172066,-0.136677930923992)
27	(-0.162507721985772,-0.246006432799309,-0.131600022794899)
28	(-0.166538898870554,-0.25540114339194,-0.138861348128898)
29	(-0.16617890580517,-0.244744699555872,-0.13891705289564)
30	(-0.161898633275038,-0.146844531837047,-0.114722053221978)
31	(-0.163961669659536,-0.242012467087054,-0.13725546113086)
32	(-0.166565369864124,-0.255632613190969,-0.138905922732333)
33	(-0.162522720832443,-0.200199221172354,-0.130890370603261)
34	(-0.161194579529115,-0.152019940117449,-0.114779696030523)
35	(-0.166555052538522,-0.255502336566183,-0.138874186885517)
36	(-0.166604267288062,-0.259242027238641,-0.138431689003741)
37	(-0.166602870438349,-0.258005115974653,-0.138960682840061)
38	(-0.166583425183929,-0.255708321359872,-0.138918728177611)
39	(-0.166601528909417,-0.257981497668,-0.138960682624051)
40	(0.0246489931839851,2.12028345879935,-0.0460459145360388)
41	(-0.166630420187144,-0.259320261779275,-0.138655277757453)
42	(-0.16653744670006,-0.255456004383898,-0.138871919240625)
43	(-0.166596764407178,-0.257965821422444,-0.138959715162451)
44	(-0.165423113299086,-0.21780952582847,-0.138876252467942)
45	(-0.165258506316078,-0.225679354822957,-0.13714032519037)
46	(-0.166566704477959,-0.255647436974663,-0.138916362684327)
47	(-0.166591744046329,-0.257981010666681,-0.138959714981394)
48	(-0.159306094037958,-0.224240249161087,-0.131999172631319)
49	(-0.16443555438221,-0.246672845068934,-0.137658668758826)
50	(-0.166640184304939,-0.25931181092334,-0.138803126101288)
51	(-0.165809687999602,-0.251832657572157,-0.138130957485436)
52	(-0.166503465910508,-0.255269468629116,-0.138859392014686)
53	(-0.158882689527683,-0.241591448998405,-0.134326257179111)
54	(-0.166539721767167,-0.25548750942964,-0.13890356997214)
55	(-0.160090425151792,-0.156679477372439,-0.136855061286534)
56	(-0.166593541971702,-0.257825371415544,-0.138797084986156)
57	(-0.166608817422276,-0.257841124776627,-0.138797445480865)
58	(-0.166660570012632,-0.259138041141171,-0.138975494489759)
59	(-0.129515611596269,-0.0267030272912035,-0.074302822087009)
60	(-0.158385895086697,-0.225239016780088,-0.132624479045324)
61	(-0.165546672262806,-0.252871773376168,-0.13843874033469)
62	(-0.141424108069328,-0.132302576895717,-0.122446180505625)
63	(-0.164775673457124,-0.141566409027163,-0.138781908147311)
64	(-0.166651324527155,-0.259077964792574,-0.138966278540725)
65	(-0.166617689492483,-0.258612652215627,-0.138859361932631)
66	(4.12263696462373,7.53897825223091,2.00397581695695)
67	(-0.163092407317115,-0.257673263552629,-0.13707450220516)
68	(-0.16666292806091,-0.25933457592992,-0.138971547908835)
69	(-0.166634341047477,-0.256003791179055,-0.138974587729462)
70	(-0.165324386450808,-0.223900240095629,-0.135840027236658)
71	(-0.166610566941966,-0.258039289049995,-0.138973092975249)
72	(13.6972100060206,3.9748137192067,5.95631822342696)
73	(-0.166625323760221,-0.258047034131213,-0.138972809253168)
74	(-0.166483405212402,-0.259118291184066,-0.138629678659588)
75	(-0.166662139739784,-0.259166113707736,-0.138974754447701)
76	(-0.166334709868947,-0.254110744127662,-0.138926725732387)
77	(4.07406702027282,7.51828733649117,2.00116287856996)
78	(-0.166638559257006,-0.259246257695882,-0.138952151667769)
79	(-0.16166192256947,-0.244367321311751,-0.13745873692235)
80	(-0.165839305362576,-0.239174427923752,-0.138959907573431)
81	(-0.165942105203333,-0.174838474931157,-0.138743816301963)
82	(-0.0608315707561868,0.369493237817366,0.156850971657689)
83	(-0.160997775851733,-0.226091880983271,-0.133286867740511)
84	(-0.166550301866478,-0.256752351602323,-0.138915419032466)
85	(-0.16665675979386,-0.259132151861881,-0.138971654146977)
86	(-0.166648606893803,-0.258927545927348,-0.138947152008807)
87	(-0.166574511623137,-0.257148759779224,-0.138903608949017)
88	(-0.166656455529566,-0.258967010636644,-0.138950702728439)
89	(-0.166627087110106,-0.259007304337858,-0.138924175991786)
90	(-0.166661303012976,-0.259166760807595,-0.138975485309496)
91	(-0.148743503753933,-0.137844047554824,-0.122549139929573)
92	(-0.166157150908155,-0.258186060853708,-0.138094638874206)
93	(-0.16603960116424,-0.176302555965318,-0.138901088943471)
94	(-0.166644181231346,-0.25780444628486,-0.138972331809406)
95	(-0.166594703708097,-0.258531302878261,-0.138894857608001)
96	(-0.166551795527557,-0.257125724868299,-0.138804450146747)
97	(-0.153175735553582,-0.0907036610158957,-0.13800701798574)
98	(-0.155381520297608,-0.0387157136404456,-0.132161570536196)
99	(-0.166628089799256,-0.258730445345329,-0.138967042290815)
100	(-0.156277011605184,-0.0449521050061148,-0.133160942124844)
101	(-0.162114930612524,-0.153977015688211,-0.13881442116092)
102	(-0.166623899250117,-0.253394739030088,-0.138974509247963)
103	(-0.163072090760398,-0.246788197324556,-0.133217229756999)
104	(-0.158958804006845,-0.218386830268116,-0.136084237175423)
105	(-0.165568835150578,-0.147118618861656,-0.138945193619407)
106	(0.545474739821216,1.34547898205586,0.164429492522885)
107	(-0.165940936551841,-0.246416227225891,-0.138747163449422)
108	(-0.166582858145927,-0.257223524959343,-0.13891190670702)
109	(-0.150515573577179,-0.227470236373892,-0.127237569039331)
110	(-0.166615324529107,-0.258782031442015,-0.138895831319718)
111	(-0.150777123313287,-0.0539321092483611,-0.13876779583865)
112	(-0.166602939589325,-0.253549005289555,-0.138974318516728)
113	(-0.165666013016996,-0.186807606933521,-0.138968296245783)
114	(-0.162237576783362,-0.135252076495149,-0.138752272905652)
115	(-0.157629825976709,-0.0563921172001969,-0.133174765030772)
116	(-0.157267184428949,-0.105564934591432,-0.137578691078522)
117	(-0.166616022953964,-0.258813788789645,-0.138893745442438)
118	(-0.166644361023883,-0.258771885720905,-0.138966534912992)
119	(-0.159647430170047,-0.0816878248762582,-0.138740214860939)
120	(-0.162807885626817,-0.22801230572327,-0.126847384120413)
121	(-0.164917363806722,-0.210887905166308,-0.137805187098352)
122	(-0.145020781712205,-0.114405575149857,-0.137911488994373)
123	(-0.165681592731864,-0.23099515024434,-0.138968261548799)
124	(-0.165746981894665,-0.231151030900605,-0.138968189887828)
125	(-0.149950540953185,-0.0499335409126249,-0.132750733258186)
126	(-0.166640246540818,-0.258755187694613,-0.138964664101596)
127	(-0.166649367554538,-0.25883634759601,-0.138971669746922)
128	(-0.16564067609943,-0.18677559225473,-0.138968246558939)
129	(-0.162474225253051,-0.235053545141421,-0.134876507985489)
130	(-0.152919296074592,-0.0370451725462491,-0.133422951107135)
131	(-0.166243990703677,-0.227495902433079,-0.138913140514184)
132	(-0.0376341221483567,0.156077085639824,0.190529886277123)
133	(-0.150596293511335,-0.0554505659495856,-0.138730302857145)
134	(-0.157357848273438,-0.0564821261083486,-0.133178726565502)
135	(-0.157400383038707,-0.0453837273179767,-0.133160941808701)
136	(-0.067700164313869,0.207078375886905,0.155647578374885)
137	(-0.153286743615177,-0.221780697196717,-0.127804951949997)
138	(-0.166627329138522,-0.253716200973024,-0.138974564982297)
139	(-0.165765908516766,-0.231199923821323,-0.138968024262392)
140	(-0.157800663462645,-0.0469659552074094,-0.133419364929288)
141	(-0.166337275370152,-0.228117902864691,-0.138913141762224)
142	(-0.165729562763839,-0.231091081960271,-0.138968150592131)
143	(-0.166581288418774,-0.258533611314806,-0.138861690991247)
144	(-0.166585589609475,-0.258549805575534,-0.138859820402473)
145	(-0.166661842390588,-0.25913680561631,-0.138975494490074)
146	(-0.156805899014081,-0.0629939758138722,-0.131289665461362)
147	(-0.159434514315283,-0.1476392123749,-0.138947304731745)
148	(-0.165977531248281,-0.247986430960554,-0.137841212383247)
149	(-0.166659975314239,-0.25916749172868,-0.13895414284234)
150	(-0.16660599606246,-0.257618785623669,-0.138862030744755)
151	(-0.166656089029394,-0.259087917724866,-0.138972712444834)
152	(-0.166655833170783,-0.259092868206432,-0.138973051645879)
153	(-0.166655535821587,-0.259098304012893,-0.138973020015858)
154	(-0.154413683239056,0.00213633249022114,-0.137778472079627)
155	(-0.157472797940659,-0.0239248976722601,-0.133603724294546)
156	(0.603469215355344,-0.0242327118432926,0.406364860672059)
157	(-0.157935798299728,-0.0444291368375577,-0.133418474804588)
158	(-0.161051858829976,-0.0927718810167689,-0.138737214407014)
159	(-0.16636917471533,-0.22850326424231,-0.13854095371396)
160	(-0.124101857759939,-0.127498841986842,-0.124799516204413)
161	(-0.16550679289501,-0.186788999459717,-0.138965785885898)
162	(-0.166643358334733,-0.256521730912306,-0.138975164218016)
163	(-0.166657900784962,-0.259118451282606,-0.138973454352576)
164	(-0.166656448614469,-0.259102271271486,-0.138972974623706)
165	(-0.166656441699371,-0.259104814407462,-0.13897338078357)
166	(-0.166623263061139,-0.253563301837742,-0.138974228727299)
167	(-0.166655127830829,-0.259311639928041,-0.138973039941039)
168	(-0.166657499709302,-0.259157953711453,-0.138974381166213)
169	(-0.158314475958798,-0.0646311133115744,-0.132602573984782)
170	(-0.166656199670956,-0.25913383666851,-0.13897036535191)
171	(-0.166661628022563,-0.259166538681348,-0.138974782830489)
172	(-0.16666117854122,-0.259162845518162,-0.138974742701769)
173	(-0.166661047154365,-0.259162868149893,-0.138974573570107)
174	(-0.160628661772629,-0.25422302936465,-0.133919880070101)
175	(-0.166384671449027,-0.24528018726264,-0.138964919461829)
176	(-0.166597068671472,-0.257200240261167,-0.138920128407811)
177	(-0.160788822347887,-0.162859384967228,-0.12921875827192)
178	(-0.16665268680138,-0.259081796260782,-0.138966607137289)
179	(-0.165664159770842,-0.186564817078015,-0.138967703227748)
180	(-0.157539044575561,-0.0238601608635364,-0.133607090459693)
181	(-0.159789431699037,-0.125668143677465,-0.135836367826101)
182	(-0.152240067529014,-0.0746393684506089,-0.13841518599429)
183	(-0.166604861986455,-0.259197758734924,-0.13893073880327)
184	(-0.166621589607523,-0.259325904624162,-0.138897979168225)
185	(-0.166650978772276,-0.259317031309252,-0.138923814149219)
186	(-0.159019712186409,-0.144284512590245,-0.138939389750691)
187	(-0.16599876059788,-0.175165857167236,-0.138941226332075)
188	(-0.153184683689862,-0.031031702891053,-0.133265797660428)
189	(-0.166056342615503,-0.228497799936633,-0.138907716375608)
190	(-0.161856257557013,-0.1532504457634,-0.138739102048605)
191	(-0.157537896669362,-0.0410654614760972,-0.133261321545866)
192	(-0.145636730199747,0.00160572988446373,-0.137538548475766)
193	(-0.166629403667798,-0.253711116377497,-0.138974564890036)
194	(-0.162313476894498,-0.199836031347039,-0.1381546257624)
195	(-0.166610539281576,-0.258429842314309,-0.138960157888762)
196	(-0.166648316459704,-0.259150380463747,-0.138934919493272)
197	(-0.166265102496616,-0.255739875021924,-0.138815054323262)
198	(-0.166662271126639,-0.259174572945793,-0.138975485177088)
199	(-0.162072126158448,-0.156900795582873,-0.134871609635958)
200	(-0.166626354109762,-0.259115265237832,-0.138975460317056)
201	(-0.166607780157638,-0.258447464050504,-0.138859362015602)
202	(-0.165395971541049,-0.186647552818448,-0.13896360664857)
203	(-0.163465255548917,-0.254657367484211,-0.136565999160586)
204	(-0.157679407226422,-0.0386503716424752,-0.133260395006965)
205	(-0.157832631958799,-0.044554448731169,-0.133414704715248)
206	(-0.161036355181182,-0.0804223171630461,-0.138575134404638)
207	(-0.139861420485978,0.0722922261784024,-0.138019877235905)
208	(-0.16662389233502,-0.258572845515732,-0.138933815014323)
209	(-0.158046598908397,-0.0645753185511657,-0.132602578826269)
210	(-0.166654187377557,-0.258976204148635,-0.138933863814771)
211	(-0.165790547009476,-0.23118268598634,-0.138966026834554)
212	(-0.166625026411024,-0.25370870651727,-0.138974320402249)
213	(-0.166366083666708,-0.255924459418582,-0.13868124401516)
214	(-0.16574756967796,-0.23102669971533,-0.138966943746058)
215	(-0.157817328847834,-0.0796617946127152,-0.132372855868807)
216	(-0.165877289993632,-0.146643721327596,-0.138953167121354)
217	(-0.164750841341682,-0.208719227103337,-0.137761116217418)
218	(-0.162673995507299,-0.154154961443825,-0.138751760300925)
219	(-0.166661987607637,-0.259177660919733,-0.138975479890513)
220	(-0.160807320233938,-0.212344990481004,-0.135133950658219)
221	(-0.165897447503104,-0.224729876599069,-0.138472741131311)
222	(-0.163182428057528,-0.238888734174076,-0.135350057248284)
223	(-0.166662520070152,-0.259189711059083,-0.138975506222152)
224	(-0.166020570815675,-0.249603108535373,-0.138116986493855)
225	(-0.157441410312703,-0.0446525941656605,-0.133418475247628)
226	(-0.166034919643172,-0.224891898836512,-0.138472742455081)
227	(-0.166661468975318,-0.25916621932248,-0.138975485405535)
228	(-0.165333092558673,-0.230129565332005,-0.138959256658759)
229	(-0.158082681887616,-0.171635862054111,-0.137430634838536)
230	(-0.158723407169819,-0.0813204649449848,-0.133501414744423)
231	(-0.1573364460464,-0.0196161606272728,-0.133348555417164)
232	(-0.166628622261771,-0.253702731740331,-0.138974564884683)
233	(0.103774554779505,-0.189664717940216,-0.0963746439836257)
234	(-0.152728494701918,-0.00847971035346373,-0.133352257983256)
235	(-0.15276849854147,-0.07750555226673,-0.138263364434344)
236	(-0.166661572701782,-0.259134495503341,-0.138975494490074)
237	(-0.16657496110448,-0.259090750882281,-0.138863697483786)
238	(-0.155989461102142,-0.231416399679571,-0.129770335001877)
239	(-0.16318044342452,-0.200032066561285,-0.134061513964239)
240	(-0.16660269756091,-0.257414172983438,-0.138922630104628)
241	(0.107520089728179,0.549793591163028,0.175426786143653)
242	(-0.166449839328706,-0.227972039683061,-0.138970063689985)
243	(-0.159634734050874,-0.0861422658425478,-0.138752360516088)
244	(-0.160705599148404,-0.0861956876240682,-0.138741463274434)
245	(-0.122014985034053,1.28829081531732,0.133576136747015)
246	(-0.165531465963207,-0.230262202362496,-0.1389634523805)
247	(-0.157063424163392,-0.0169384865557902,-0.13334760172966)
248	(-0.158558931573666,-0.175106787511555,-0.137430647335623)
249	(-0.157599420292611,-0.0384733345089436,-0.133256734756299)
250	(-0.166409323771932,-0.227943555554279,-0.138965479925975)
251	(-0.166316046020554,-0.259357372788564,-0.138927470851623)
252	(-0.166620898097764,-0.253217165440715,-0.138974230224254)
253	(-0.158611596956903,-0.173358344646989,-0.137430027454583)
254	(-0.158540060272345,-0.172539380261955,-0.13743001981032)
255	(-0.158753674551966,-0.0812158778493289,-0.13350141840069)
256	(-0.164113297004369,-0.199454645610136,-0.137814082740439)
257	(-0.166660549267339,-0.259163255403953,-0.138975317318657)
258	(-0.166661787069807,-0.259174163060002,-0.138975420949093)
259	(-0.157996091035607,-0.0456513902838782,-0.133160939835013)
260	(-0.166661503550806,-0.259171754037987,-0.138975414488634)
261	(-0.166649270743171,-0.258980453046546,-0.13896443328541)
262	(-0.166512026801323,-0.258146556748436,-0.138685837399484)
263	(-0.166654090566191,-0.259057121806691,-0.138970569752069)
264	(-0.148675210250144,-0.0977369248444594,-0.1318285715252)
265	(-0.164430022304139,-0.18260205800794,-0.13892369388602)
266	(-0.166658433247477,-0.259321263442917,-0.138937851612337)
267	(-0.120528806090427,0.0611999555578122,0.00372264005898194)
268	(-0.14022707010119,0.086847700645162,-0.137653882590229)
269	(-0.160306625677911,-0.254180323288572,-0.133816474718582)
270	(-0.166661856220783,-0.259319124325248,-0.138971265894995)
271	(-0.166248962658844,-0.246079844266639,-0.138915289927188)
272	(-0.163383567501098,-0.163118497329937,-0.137097634526286)
273	(-0.152853097845373,-0.035481914238314,-0.133165479506238)
274	(-0.164341232451097,-0.182470821630124,-0.13891825086484)
275	(-0.161792465781755,-0.220310814057341,-0.13891817880381)
276	(-0.154496899523442,-0.135547817056889,-0.138916933017858)
277	(-0.166656248076639,-0.259166775057204,-0.138966150572333)
278	(-0.161037655219529,-0.164586973949151,-0.128808628713959)
279	(-0.157322422228489,-0.0533413288703241,-0.132732110499464)
280	(-0.166240132079222,-0.245993336571068,-0.138915297835481)
281	(-0.1666580805775,-0.259321980952606,-0.138932481423651)
282	(-0.069168557626496,0.177977048791838,0.155384065860381)
283	(-0.148614806872704,-0.0956715304570911,-0.131828500736771)
284	(-0.158233195901737,-0.145367521378885,-0.138915046583687)
285	(-0.166656835859934,-0.259320343924076,-0.138928831624433)
286	(-0.147978527998251,-0.0960885159065911,-0.131828170589092)
287	(-0.147577237970065,-0.0957974785538024,-0.131828880765262)
288	(-0.166626395600347,-0.259236328233533,-0.138956900312833)
289	(-0.166655992218028,-0.259319191382228,-0.138929548770859)
290	(-0.16664916010161,-0.259013834011309,-0.138959336411284)
291	(-0.166530739055399,-0.258518422908782,-0.138670369301512)
292	(-0.166659747116019,-0.259167996332456,-0.138975396236899)
293	(-0.166654892717511,-0.259053759737344,-0.138969879472583)
294	(-0.16657456002882,-0.258533773927983,-0.138722137485345)
295	(-0.166657624181059,-0.259160294000064,-0.138975289141645)
296	(-0.166661054069463,-0.25916860403634,-0.138975403841172)
297	(-0.166601535824515,-0.25760564161733,-0.138862030712007)
298	(-0.165968430979854,-0.214711646734224,-0.138963568955472)
299	(-0.157049393430384,-0.0385159743662537,-0.13326039231613)
300	(-0.162476368933304,-0.155638590425937,-0.138739683291581)
301	(-0.150725432958809,-0.13609759963542,-0.138891378660022)
302	(-0.157046205570396,-0.0424965077271543,-0.133159979733809)
303	(-0.161435881859482,-0.220393916934741,-0.138910106467099)
304	(-0.159561945733653,-0.241599679404517,-0.134218332949051)
305	(-0.151086608505881,-0.0729935143836877,-0.138373262403732)
306	(-0.157662734926135,-0.0549193606692183,-0.133781507490344)
307	(-0.164704911263496,-0.186030947120896,-0.13895700460846)
308	(-0.150336016153184,-0.0670187198418451,-0.138071632934933)
309	(0.105387321499595,1.89914970200174,0.754287324191759)
310	(-0.166612115923826,-0.252557303799847,-0.138974015983207)
311	(-0.146089814308873,-0.241352633945403,-0.12361763326719)
312	(-0.1664495696399,-0.25569101311506,-0.138924277900284)
313	(-0.16456533693376,-0.179141605174385,-0.138853210384796)
314	(-0.166575299944262,-0.258769326658897,-0.138692645295772)
315	(-0.166627813195353,-0.253876459611888,-0.138974592560243)
316	(-0.166596460142884,-0.257202320703978,-0.138919632124427)
317	(-0.157203648512301,-0.0641214433804112,-0.132602577633806)
318	(-0.161749128865165,-0.150689718227244,-0.138762765642941)
319	(-0.163023553690421,-0.220959273496932,-0.137712823995054)
320	(-0.162834709290364,-0.220751968518944,-0.137712829898328)
321	(-0.162826120739159,-0.221199810237902,-0.137712826024791)
322	(-0.162836119970272,-0.220971163537741,-0.137712604177739)
323	(-0.164600431054024,-0.229297186198074,-0.138947783383084)
324	(-0.165589573528248,-0.211890318170397,-0.13894979971415)
325	(-0.165964316496789,-0.176424632359632,-0.138899819173492)
326	(-0.163974531741051,-0.242728111753359,-0.137263711673696)
327	(-0.150523283910991,-0.0529443917814913,-0.132606981617907)
328	(-0.15293157728791,-0.0634221513969497,-0.138896838974589)
329	(-0.163959242460282,-0.255732651308728,-0.134542326677819)
330	(-0.155459778457023,-0.0167035423669722,-0.133343624202482)
331	(-0.0682469065047407,0.61152412817141,0.0237509575152298)
332	(-0.164859034958559,-0.212885814246975,-0.138822680700757)
333	(-0.166574048311599,-0.257367363858382,-0.138765603258145)
334	(-0.148411309380856,-0.0540112767192325,-0.137030931610721)
335	(-0.148368684719318,-0.0578721586338664,-0.137268627920718)
336	(-0.142345212898374,0.0278073429968652,-0.136506244392667)
337	(-0.161998328236978,-0.199791995028115,-0.130693264642828)
338	(-0.163158771508676,-0.181645332600912,-0.138610494149479)
339	(-0.166661641852758,-0.259138960660012,-0.138975494490389)
340	(-0.166661047154365,-0.25915502835069,-0.138973582552093)
341	(-0.166539866984216,-0.259118281963731,-0.138541209681918)
342	(-0.166661870050978,-0.259157843905648,-0.138975445606655)
343	(-0.166660929597706,-0.25916741712779,-0.138975405336395)
344	(-0.16666083278634,-0.259166713029497,-0.138975442840406)
345	(-0.157661013066836,-0.0548032892274841,-0.133781516640063)
346	(-0.166577332982953,-0.259112271143665,-0.138635512970114)
347	(-0.166659705625433,-0.259153804560801,-0.138969412052499)
348	(-0.165414704540418,-0.223672108896003,-0.136466968826428)
349	(-0.0636077680701322,0.368194310581627,0.176145682078598)
350	(-0.160407191942147,-0.254123096023423,-0.134021102173625)
351	(-0.157025294315287,-0.0613641885994165,-0.132601500530964)
352	(-0.160278903051677,-0.0904389452042757,-0.138753607593062)
353	(-0.156257255171373,-0.0166368340830295,-0.133347599092355)
354	(-0.166623498174457,-0.253548920630117,-0.138974536951863)
355	(-0.166621029484618,-0.253878761342734,-0.13897428020394)
356	(-0.156491020045368,-0.062903050739728,-0.132499686291079)
357	(-0.152872591505476,-0.0622445117977952,-0.13890544232237)
358	(-0.164804993470901,-0.0330202768018584,-0.138928435495962)
359	(-0.166656234246443,-0.259170466543966,-0.138942857422702)
360	(-0.166656089029394,-0.259172552854264,-0.138934904873558)
361	(-0.165938675314929,-0.258394925744698,-0.138745645846809)
362	(-0.152104745984295,-0.07034278548329,-0.112541977384692)
363	(-0.165604323431405,-0.258822874172255,-0.138410561066223)
364	(-0.157992564335836,-0.0809005231208685,-0.13350141860379)
365	(-0.159527128217292,-0.151542509505961,-0.137147022561224)
366	(-0.16393748064817,-0.148229513295529,-0.138432636795529)
367	(-0.109654365650431,-0.0486419706658303,-0.0412220557300299)
368	(-0.137071144033341,-0.0925670470885033,-0.138672396474637)
369	(-0.15339690111977,-0.222783717066477,-0.13853719009248)
370	(-0.157224255503116,-0.0644204831455793,-0.133598915201819)
371	(-0.156273809915001,-0.0421547208135077,-0.133155686262548)
372	(-0.152967867720057,-0.0720049042207684,-0.133505142658617)
373	(-0.162962977435542,-0.140473091904236,-0.138309990390631)
374	(-0.166660072125605,-0.259320690105736,-0.138967098828888)
375	(-0.166541602673711,-0.257789178248671,-0.138913621296968)
376	(-0.166592580773137,-0.257187692223739,-0.138917992169049)
377	(-0.166655770934905,-0.259158231159709,-0.138974173569674)
378	(-0.166644423259762,-0.258871563407395,-0.138964701232628)
379	(-0.162479314764877,-0.199628588902242,-0.133234466502971)
380	(-0.157100419935493,-0.0427060532464941,-0.133159979252195)
381	(-0.165484692243116,-0.211792869290288,-0.13894171077821)
382	(-0.160791726688875,-0.127548137249441,-0.138749996707902)
383	(-0.157682650407192,-0.0789087405335586,-0.133500566417166)
384	(-0.166641947654825,-0.259106721340338,-0.138967026047563)
385	(-0.166617703322678,-0.252735674529073,-0.138974398093864)
386	(-0.166597289954595,-0.258551339503957,-0.138919636888138)
387	(-0.166623110928992,-0.253894343708518,-0.138974312732166)
388	(-0.139885547261466,0.0423273971284498,-0.133450193040141)
389	(0.0850805703915879,1.57473543888223,-0.0939786871348499)
390	(-0.161947647486749,-0.153403923265137,-0.138763415331142)
391	(-0.166633262292253,-0.258818214550341,-0.138929873901661)
392	(-0.166661773239612,-0.259176261105271,-0.138975452353658)
393	(-0.164598944308042,-0.210558307535244,-0.137805328963801)
394	(-0.156337013906964,-0.0645084560361684,-0.133598913629922)
395	(-0.164203857122394,-0.245191266353993,-0.137570251707763)
396	(-0.166596792067569,-0.257607427847641,-0.138907253174802)
397	(-0.0861687787562641,-0.0720178864521429,0.198190357595889)
398	(-0.141936641272427,-0.0472447479556063,-0.091611506278594)
399	(-0.166637770935881,-0.259027145660099,-0.138953344877037)
400	(-0.155049685509606,-0.0608087958662766,-0.132596856333302)
401	(-0.16660447474099,-0.257871059850818,-0.138914622897107)
402	(-0.166660749805169,-0.259137320278633,-0.138975494490074)
403	(-0.166624307240875,-0.258929597870944,-0.138936982452878)
404	(-0.163839514460627,-0.231545229550008,-0.130029188548333)
405	(-0.153997470430274,-0.0360471383629693,-0.132215243699878)
406	(-0.155663946713337,-0.0548944330750263,-0.133781516481205)
407	(-0.150580623900199,-0.045382754153551,-0.133784689108878)
408	(0.594585417143187,1.34082680430445,0.164198280667881)
409	(0.0427949768332693,0.884370983384924,-0.00107716108198199)
410	(-0.166636159718143,-0.259046131167629,-0.138939463873261)
411	(0.146896218211818,0.683623404394989,0.406138092447317)
412	(-0.166534355651438,-0.25777566123788,-0.138912505394686)
413	(-0.158143292717983,-0.0871512722242193,-0.138742109923698)
414	(-0.154928858009434,-0.0612191619536147,-0.132601511579273)
415	(-0.166637466671587,-0.258848204946541,-0.138928226342168)
416	(-0.161031459292089,-0.244388049462556,-0.130344744751243)
417	(-0.158739491686811,-0.156007137265761,-0.106377420500938)
418	(-0.166624238089899,-0.253889954829161,-0.138974592644002)
419	(-0.164601343846906,-0.210699958700303,-0.137805565044048)
420	(-0.12227771033675,-0.096911308406985,-0.0925990462881312)
421	(-0.155924085769536,-0.0527933417424394,-0.133780704281447)
422	(0.332409823213265,0.905589485842734,0.177549474718094)
423	(-0.155026755046001,-0.0375874053470169,-0.133365983755734)
424	(-0.163355181025495,-0.190823363649718,-0.138114466213101)
425	(-0.159767116679117,-0.151786353832481,-0.136963525239695)
426	(-0.153049348314948,-0.229580708139802,-0.130465994924487)
427	(-0.1666606599089,-0.259165333332129,-0.138975484181899)
428	(-0.16661844323812,-0.253719083584962,-0.13897426991938)
429	(-0.166209802461197,-0.228283272921873,-0.138920525726068)
430	(-0.152839571914489,-0.214235327592183,-0.124156350809645)
431	(-0.160977410889334,-0.244461386328995,-0.13741512442624)
432	(-0.166589185460221,-0.257195234457592,-0.138916908239066)
433	(-0.16109174511287,-0.130482495382736,-0.138750928901161)
434	(-0.166653426716822,-0.258957227861439,-0.138975410361459)
435	(-0.156814003508456,-0.0782465075902268,-0.133496651815311)
436	(-0.166284803609647,-0.228838375633574,-0.138920527025749)
437	(-0.14929536311702,-0.0595076884404673,-0.138674843885427)
438	(-0.166616963407236,-0.259106782529832,-0.138975460341931)
439	(-0.166661648767856,-0.259175837808083,-0.138975278408377)
440	(0.239682976915297,1.36530827175973,0.268415227479662)
441	(-0.157528298513908,-0.214658789907762,-0.129935491705423)
442	(-0.151414197423963,-0.0546717049915836,-0.133602237400449)
443	(-0.166651877734962,-0.258975559563413,-0.13893386381603)
444	(-0.166413348358729,-0.229039569206025,-0.138957729820778)
445	(-0.157006381523381,-0.0644982642133842,-0.133598915254562)
446	(-0.16630074290959,-0.258777951024768,-0.138808045853748)
447	(-0.156140811843072,-0.0375706729540225,-0.133365983752113)
448	(-0.158099568555928,-0.0788168808527523,-0.133500563212915)
449	(-0.166643303013952,-0.259119805833607,-0.138969989108788)
450	(-0.166661946117052,-0.259172220083999,-0.138975479890513)
451	(-0.164690562435999,-0.255641833525752,-0.136908892952521)
452	(-0.16522600535741,-0.251412507871401,-0.138081687658297)
453	(-0.166624217344607,-0.253904199408188,-0.138974592937159)
454	(-0.166661655682953,-0.25918482511986,-0.138975506222466)
455	(-0.156346867921028,-0.0621341552872019,-0.133598076711043)
456	(-0.148668903681143,-0.230849411118123,-0.119232300202488)
457	(-0.166577775549199,-0.258729546781794,-0.13887328602314)
458	(-0.166583114004538,-0.258734520733303,-0.138872292868012)
459	(-0.166660825871243,-0.259167164825901,-0.138975424326373)
460	(-0.166615981463378,-0.253377970593967,-0.138974206352326)
461	(0.0947688779723428,0.692133005597276,0.0932628062545556)
462	(-0.160715356351102,-0.164683404401373,-0.129269142884451)
463	(-0.15514171162832,-0.0574428103918469,-0.132148107530162)
464	(-0.16494716787733,-0.169087813316494,-0.137486777898821)
465	(-0.159615689872114,-0.0908533053729993,-0.138743338518599)
466	(-0.166656102859589,-0.258991298674887,-0.138974958716553)
467	(-0.161617403171193,-0.169406616450163,-0.129494313319358)
468	(0.585017750354969,1.35545679332586,0.165749677509797)
469	(-0.0937539493016031,0.114103208081808,-0.0880434295608669)
470	(0.000833286446018053,0.968118150117753,-0.00446754345593286)
471	(-0.157640800236583,-0.0526743130878766,-0.133776961953316)
472	(-0.166661462060221,-0.259129814087908,-0.138975494490389)
473	(-0.166602503938177,-0.258481350457256,-0.13890921793555)
474	(-0.166473032566019,-0.228446649710318,-0.138969860829763)
475	(-0.166608139742712,-0.258775377713151,-0.13892645652044)
476	(-0.1661122788399,-0.17051081189171,-0.138961605578006)
477	(-0.164152173683014,-0.175394195405288,-0.138585098685347)
478	(-0.15740487785214,-0.0593590566437654,-0.133322069937458)
479	(-0.151852089063687,-0.0272328704766597,-0.133369620112587)
480	(-0.160153753615512,-0.119281537132148,-0.138748753480061)
481	(-0.156473732301395,-0.0377466539401154,-0.133365983314425)
482	(-0.165723684930888,-0.23929428054096,-0.138959795028177)
483	(-0.166594109009704,-0.258678652210216,-0.138922502287223)
484	(-0.157152359233484,-0.0530941199598202,-0.133780704345841)
485	(-0.159997230381585,-0.246659276088983,-0.133060754460632)
486	(-0.164900636185654,-0.209564526440936,-0.138499619459035)
487	(-0.166591163178131,-0.257172167694601,-0.138914012018894)
488	(-0.166246915789957,-0.228130168424589,-0.138621594594578)
489	(-0.166625282269635,-0.259087081189038,-0.138972464829785)
490	(-0.166625372165904,-0.253709883367273,-0.138974564969859)
491	(-0.16655723770936,-0.258427249723811,-0.138844027626345)
492	(-0.165440822864011,-0.213317312503423,-0.138921253483272)
493	(-0.166328984168143,-0.228662540496413,-0.138621595826559)
494	(-0.165299333052243,-0.252025228455161,-0.137406456040585)
495	(-0.156913380375907,-0.0351695334869272,-0.133365049567532)
496	(0.244244458803981,0.240709287162106,0.031961565530938)
497	(0.107478599142645,0.252803817393943,-0.0322232104832635)
498	(-0.149009555218571,0.307250019181196,-0.0265782217432255)
499	(-0.166661628022563,-0.259166807747482,-0.138975485114426)
500	(-0.166660279578533,-0.259169286341114,-0.138975485120251)
-999
