TPCSVapollo1-1000-8.in
1000 8 999
1	(-0.166596668,-0.257173566,-0.138920709)
2	(-0.163487868,-0.231417939,-0.130412189)
3	(-0.166650349,-0.258974684,-0.138933864)
4	(-0.160205555,-0.243506663,-0.130714952)
5	(-0.16666095,-0.259174829,-0.13897548)
6	(-0.166660937,-0.259135069,-0.138975494)
7	(-0.159533068,-0.22107975,-0.13460153)
8	(-0.166661953,-0.259184888,-0.138975506)
9	(-0.164031934,-0.244069297,-0.137845006)
10	(-0.16664833,-0.258924671,-0.13897303)
11	(-0.147190318,-0.085049593,-0.137977269)
12	(-0.166618063,-0.259105924,-0.138965006)
13	(-0.155000554,-0.053717923,-0.133334588)
14	(-0.166659263,-0.259165957,-0.138975385)
15	(-0.151293404,-0.058259347,-0.133962147)
16	(-0.151794196,-0.09333098,-0.13613925)
17	(-0.166620497,-0.254062384,-0.138974624)
18	(-0.166652355,-0.258985956,-0.138974617)
19	(-0.1616884,-0.172664266,-0.138842635)
20	(-0.166087371,-0.24829242,-0.138837624)
21	(0.029896522,0.331854058,0.129793177)
22	(-0.158263844,-0.124016054,-0.138738)
23	(-0.165267932,-0.249858482,-0.13836866)
24	(-0.145787839,-0.058570785,-0.138263366)
25	(-0.165793189,-0.248702429,-0.138712435)
26	(-0.165797448,-0.248686027,-0.13871247)
27	(-0.163920331,-0.24710681,-0.137934431)
28	(-0.154620631,-0.064794714,-0.133957076)
29	(-0.16063028,-0.25838387,-0.081784496)
30	(-0.166648448,-0.259306969,-0.138971769)
31	(-0.161043713,-0.22781066,-0.135319406)
32	(-0.154366654,-0.064468826,-0.133953627)
33	(-0.16661538,-0.253876785,-0.138974574)
34	(-0.166648393,-0.259307371,-0.138971769)
35	(-0.15806453,-0.100527595,-0.138743084)
36	(-0.166526804,-0.257716888,-0.138933641)
37	(-0.166578958,-0.259015874,-0.138970339)
38	(-0.166660943,-0.259136026,-0.138975494)
39	(-0.166532931,-0.257710535,-0.138933646)
40	(-0.151411881,-0.023657563,-0.132531565)
41	(-0.166643213,-0.259303422,-0.138973856)
42	(-0.14945486,0.006176904,-0.137778473)
43	(-0.166643939,-0.259303711,-0.138973856)
44	(-0.164866206,-0.237538968,-0.138441358)
45	(-0.164836955,-0.237512748,-0.138441428)
46	(-0.151720246,-0.014402718,-0.13289767)
47	(-0.166638926,-0.259104756,-0.138973313)
48	(-0.154378506,-0.075868327,-0.133548687)
49	(-0.166641567,-0.25930599,-0.138973856)
50	(-0.166639804,-0.259102534,-0.138973314)
51	(-0.166425989,-0.259319038,-0.127994347)
52	(-0.154225053,-0.064543302,-0.133957063)
53	(-0.166638539,-0.259103768,-0.138973314)
54	(-0.147918159,-0.065746437,-0.133553028)
55	(-0.166645212,-0.259295434,-0.138973856)
56	(-0.161639151,-0.241172403,-0.137206847)
57	(-0.166640758,-0.259303958,-0.138973856)
58	(-0.141711417,-0.021263896,-0.131945301)
59	(-0.166630323,-0.255859749,-0.138974964)
60	(-0.166642204,-0.259304354,-0.138973856)
61	(-0.166645467,-0.258931397,-0.13897303)
62	(-0.135412579,-0.059773244,-0.077175126)
63	(-0.166613381,-0.253906572,-0.138974596)
64	(-0.159316398,0.17584705,-0.138932514)
65	(-0.152478092,-0.025574258,-0.13360809)
66	(-0.166642148,-0.259305633,-0.138973856)
67	(-0.15868731,-0.119949943,-0.138738065)
68	(-0.162113098,-0.23474013,-0.135937527)
69	(-0.166209484,-0.255660931,-0.138884094)
70	(-0.142665002,-0.053876283,-0.138415187)
71	(-0.15475114,-0.073118292,-0.133547831)
72	(-0.166647341,-0.259303059,-0.138973856)
73	(-0.166660307,-0.259139516,-0.138975494)
74	(-0.16657308,-0.25720126,-0.138919438)
75	(-0.166610864,-0.253416408,-0.13897449)
76	(-0.16664201,-0.259302671,-0.138973856)
77	(-0.154434933,-0.072387611,-0.133543896)
78	(-0.159863209,-0.153118665,-0.138725975)
79	(-0.166644119,-0.259306574,-0.138973856)
80	(-0.001202636,-0.222718199,-0.11941401)
81	(-0.166646394,-0.259306837,-0.138974548)
82	(-0.15324387,-0.024258018,-0.13335586)
83	(0.066014222,0.526385941,0.127284956)
84	(-0.166649112,-0.259298384,-0.138973778)
85	(-0.166610034,-0.259093927,-0.13897546)
86	(-0.155450007,-0.212033346,-0.131720171)
87	(-0.166649561,-0.259305216,-0.138974537)
88	(-0.165804702,-0.248718564,-0.13871248)
89	(-0.146134244,-0.012644171,-0.133360749)
90	(-0.165813056,-0.248735561,-0.138712485)
91	(-0.152758333,-0.041814841,-0.132162858)
92	(-0.156622704,-0.097996642,-0.13887648)
93	(-0.154483408,-0.07273259,-0.133547827)
94	(-0.166662361,-0.25933352,-0.138975508)
95	(-0.16364937,-0.224764441,-0.136906956)
96	(-0.16476992,-0.258127142,-0.058393749)
97	(-0.166663253,-0.259344681,-0.138975511)
98	(-0.166652092,-0.259307321,-0.138971769)
99	(-0.16666308,-0.25934078,-0.138975511)
100	(-0.166663136,-0.259343056,-0.138975511)
101	(-0.166663474,-0.259342302,-0.138975511)
102	(0.259513312,0.57794793,0.05180122)
103	(-0.166651546,-0.258974145,-0.138933864)
104	(-0.166650336,-0.25930928,-0.138971769)
105	(-0.126960905,0.122023375,-0.138019878)
106	(-0.166662167,-0.259332446,-0.138975508)
107	(-0.166617689,-0.253384002,-0.138974513)
108	(-0.166663633,-0.259346155,-0.138975511)
109	(-0.166664166,-0.25934641,-0.138975511)
110	(-0.166556698,-0.257698801,-0.138933648)
111	(-0.069969803,5.320367704,-0.134760307)
112	(-0.129863517,0.114583603,-0.13765388)
113	(-0.166540303,-0.257686842,-0.138933649)
114	(-0.166663336,-0.259342322,-0.138975511)
115	(-0.166663516,-0.259344111,-0.138975511)
116	(-0.166663723,-0.25934307,-0.138975511)
117	(-0.166660342,-0.25917398,-0.13897548)
118	(-0.166663613,-0.259341572,-0.138975511)
119	(-0.133953299,0.171465877,-0.138481127)
120	(-0.140257483,-0.082870008,-0.119540627)
121	(-0.166664007,-0.25934604,-0.138975511)
122	(-0.166663564,-0.259347235,-0.138975511)
123	(-0.079780204,0.687777365,-0.061946505)
124	(-0.16597563,-0.25816401,-0.138678372)
125	(-0.166664104,-0.259346974,-0.138975511)
126	(-0.166650253,-0.258929074,-0.13897303)
127	(-0.165152809,-0.23745535,-0.138441449)
128	(-0.166664,-0.25934694,-0.138975511)
129	(-0.16666364,-0.259340618,-0.138975511)
130	(-0.166663951,-0.259346856,-0.138975511)
131	(-0.165174163,-0.237485574,-0.13844146)
132	(-0.155125039,-0.044998534,-0.132292396)
133	(-0.16229269,-0.170319915,-0.136805628)
134	(-0.166664083,-0.259346893,-0.138975511)
135	(-0.166663281,-0.259344061,-0.138975511)
136	(-0.166663371,-0.259345846,-0.138975511)
137	(-0.166663405,-0.25934413,-0.138975511)
138	(-0.166595098,-0.258739778,-0.138966883)
139	(-0.154896952,-0.021548767,-0.133351088)
140	(-0.157853218,-0.240500678,-0.133930386)
141	(-0.166646069,-0.259098508,-0.138973314)
142	(-0.166664111,-0.259347218,-0.138975511)
143	(-0.166641346,-0.259104161,-0.138973314)
144	(-0.166664131,-0.259346751,-0.138975511)
145	(-0.154712602,-0.021231426,-0.133354915)
146	(-0.148401269,-0.065658952,-0.138373264)
147	(-0.160930596,-0.140968149,-0.13874321)
148	(-0.159576675,-0.127498957,-0.138747645)
149	(-0.162301237,-0.233528498,-0.135565923)
150	(-0.166662071,-0.25918711,-0.138975506)
151	(-0.166619107,-0.25340581,-0.138974488)
152	(-0.166663675,-0.259342142,-0.138975511)
153	(-0.166663716,-0.259344014,-0.138975511)
154	(-0.166635613,-0.25843367,-0.138975289)
155	(-0.155678372,-0.046825424,-0.133419475)
156	(-0.166663398,-0.259343664,-0.138975511)
157	(-0.166663461,-0.259343256,-0.138975511)
158	(-0.166664,-0.259345131,-0.138975511)
159	(-0.166663371,-0.259343768,-0.138975511)
160	(-0.166663806,-0.259341204,-0.138975511)
161	(-0.166664159,-0.259346867,-0.138975511)
162	(-0.166661234,-0.25914016,-0.138975494)
163	(-0.154290477,-0.021887761,-0.133354914)
164	(-0.153734538,-0.227597348,-0.130650495)
165	(-0.147025621,-0.052008384,-0.138071633)
166	(-0.16666409,-0.259346324,-0.138975511)
167	(-0.166664034,-0.25934712,-0.138975511)
168	(-0.166663896,-0.259346083,-0.138975511)
169	(-0.166663862,-0.259346575,-0.138975511)
170	(-0.165666774,-0.252168375,-0.138569208)
171	(-0.141659208,0.157123367,-0.138649536)
172	(-0.166618893,-0.253387624,-0.138974513)
173	(-0.164429912,-0.17632595,-0.138935703)
174	(-0.166663716,-0.259344103,-0.138975511)
175	(-0.166663218,-0.259345555,-0.138975511)
176	(-0.154366709,-0.020297717,-0.133157419)
177	(-0.166569837,-0.257117361,-0.138914862)
178	(-0.155390904,-0.058647151,-0.133179778)
179	(-0.132165774,-0.026969874,-0.074268938)
180	(-0.166663288,-0.259340677,-0.138975511)
181	(-0.166663972,-0.259349268,-0.138975511)
182	(-0.166654084,-0.259336118,-0.138975511)
183	(-0.166663018,-0.259342414,-0.138975511)
184	(-0.166372695,-0.25935137,-0.138947651)
185	(-0.166663951,-0.259346764,-0.138975511)
186	(-0.166663855,-0.259346987,-0.138975511)
187	(0.305335799,0.608061147,0.162610277)
188	(-0.166663709,-0.259344935,-0.138975511)
189	(-0.142168511,-0.138662491,-0.135973859)
190	(-0.166663232,-0.259343821,-0.138975511)
191	(-0.166663827,-0.259345813,-0.138975511)
192	(-0.16666317,-0.259343719,-0.138975511)
193	(-0.166663889,-0.259346938,-0.138975511)
194	(-0.166663046,-0.259340508,-0.138975511)
195	(-0.166663661,-0.259345826,-0.138975511)
196	(-0.130855923,-0.160112765,-0.119444128)
197	(-0.147692686,-0.008187576,-0.133162565)
198	(-0.166663779,-0.259346117,-0.138975511)
199	(-0.166663896,-0.259347062,-0.138975511)
200	(-0.161307399,-0.258427368,-0.084108474)
201	(-0.166663896,-0.25934645,-0.138975511)
202	(-0.166641256,-0.258965478,-0.138972233)
203	(-0.163681256,-0.228791888,-0.136788539)
204	(-0.156147381,-0.146104416,-0.114651562)
205	(-0.162688275,-0.232500463,-0.136870061)
206	(-0.152857482,-0.017141778,-0.13315202)
207	(-0.138882706,-0.033435574,-0.104479241)
208	(-0.109959909,5.07803567,-0.134922735)
209	(-0.130507264,-0.257236875,0.218284012)
210	(-0.166646069,-0.259228985,-0.138966139)
211	(-0.166660169,-0.259171214,-0.138975484)
212	(-0.166633138,-0.258651365,-0.138966658)
213	(-0.166660238,-0.259316554,-0.13897551)
214	(-0.143852856,-0.037510033,-0.137030934)
215	(-0.144457748,-0.043624651,-0.13726863)
216	(-0.137066483,0.036313031,-0.136506245)
217	(-0.153035739,-0.017089097,-0.133156437)
218	(0.556012913,6.83993498,1.133914506)
219	(-0.166661912,-0.259325925,-0.138952156)
220	(-0.152813799,-0.017361744,-0.133156437)
221	(9.082231429,3.37882815,2.108637883)
222	(-0.166662133,-0.259328659,-0.138952156)
223	(-0.1665536,-0.258825605,-0.138648662)
224	(-0.166663295,-0.259340837,-0.138975523)
225	(-0.166609613,-0.252907094,-0.138974405)
226	(-0.152325649,-0.039017799,-0.132099648)
227	(-0.159568017,-0.12717184,-0.138738872)
228	(-0.166663474,-0.259340757,-0.138970631)
229	(-0.162359538,-0.237386307,-0.135730923)
230	(-0.166610477,-0.25292105,-0.13897443)
231	(-0.166642266,-0.258939825,-0.13897303)
232	(-0.163917738,-0.029894282,-0.138935876)
233	(-0.107414932,5.081280761,-0.134922402)
234	(-0.16470655,-0.258452757,-0.058393749)
235	(-0.166660847,-0.259321417,-0.138975499)
236	(-0.166627129,-0.2592386,-0.13794158)
237	(-0.166663412,-0.259338565,-0.138970631)
238	(-0.166548781,-0.259026669,-0.135098196)
239	(-0.165476761,-0.258068855,-0.090686081)
240	(-0.166413819,-0.258589112,-0.130166316)
241	(-0.166627461,-0.259227627,-0.137861079)
242	(-0.166627592,-0.258758787,-0.138949308)
243	(-0.166661068,-0.259135427,-0.138975494)
244	(-0.163593378,-0.20653372,-0.123388584)
245	(-0.162938699,-0.220488736,-0.125490148)
246	(-0.163877368,-0.0298014,-0.138935767)
247	(-0.166081873,-0.257445479,-0.138842038)
248	(-0.166630718,-0.258841739,-0.13897505)
249	(-0.124682484,0.273941663,-0.134740747)
250	(-0.164543464,-0.257916859,-0.119455894)
251	(-0.145293741,-0.001720141,-0.13290285)
252	(-0.150227332,-0.103944726,-0.138543869)
253	(-0.130272822,0.045610213,-0.133450194)
254	(-0.158927458,-0.126107885,-0.138755291)
255	(-0.153586845,-0.040629234,-0.133261442)
256	(-0.166093484,-0.245989381,-0.138924028)
257	(-0.166066895,-0.245866496,-0.138924036)
258	(-0.166595215,-0.259155486,-0.138975431)
259	(-0.166663585,-0.25934331,-0.138975511)
260	(-0.166663398,-0.259342933,-0.138975511)
261	(-0.166662575,-0.259344515,-0.138975511)
262	(-0.16665871,-0.259169545,-0.138975225)
263	(-0.159154695,-0.227570501,-0.133566833)
264	(-0.166663357,-0.25934438,-0.138975511)
265	(8.655154545,3.360811861,2.108349071)
266	(-0.151209186,-0.010185943,-0.132892057)
267	(-0.166565135,-0.257165477,-0.138917511)
268	(-0.16281783,-0.239786273,-0.137229176)
269	(-0.151854212,-0.01423574,-0.132897669)
270	(-0.166663654,-0.259344277,-0.138975511)
271	(-0.16666391,-0.259347209,-0.138975511)
272	(-0.166663945,-0.259333276,-0.138975511)
273	(-0.166663163,-0.259341402,-0.138975511)
274	(-0.166664028,-0.259347439,-0.138975511)
275	(-0.166664173,-0.259347363,-0.138975511)
276	(-0.166663315,-0.259342498,-0.138975511)
277	(-0.166664214,-0.259333132,-0.138975511)
278	(-0.166663495,-0.259344687,-0.138975511)
279	(-0.165024603,-0.242888773,-0.138859908)
280	(-0.16666418,-0.259345765,-0.138975511)
281	(-0.166663467,-0.259345097,-0.138975511)
282	(-0.153516,-0.010338707,-0.132896605)
283	(-0.166662817,-0.259341771,-0.138975511)
284	(-0.166663239,-0.259346972,-0.138975511)
285	(-0.166663592,-0.259346178,-0.138975511)
286	(-0.16160387,-0.207415191,-0.132032526)
287	(-0.166664014,-0.25934648,-0.138975511)
288	(-0.166660134,-0.259138501,-0.138975494)
289	(-0.154103735,-0.025664999,-0.133608091)
290	(-0.166664048,-0.259346735,-0.138975511)
291	(-0.166652438,-0.258961129,-0.138974081)
292	(-0.1666642,-0.259345689,-0.138975511)
293	(-0.166663993,-0.259347074,-0.138975511)
294	(-0.166658897,-0.259157976,-0.138975472)
295	(-0.166663827,-0.259346426,-0.138975511)
296	(-0.052594438,0.634726626,0.023742429)
297	(-0.163579465,-0.128253381,-0.13893673)
298	(-0.166644409,-0.258896423,-0.138972421)
299	(-0.166645011,-0.258946065,-0.138972962)
300	(-0.16665649,-0.259124714,-0.138974242)
301	(-0.154357574,-0.011569895,-0.132896607)
302	(-0.166612033,-0.252227298,-0.138974294)
303	(-0.160010632,-0.243332731,-0.13732076)
304	(-0.166611238,-0.252389588,-0.138974346)
305	(-0.112995174,5.084847816,-0.134921724)
306	(-0.161843043,-0.155983343,-0.138726517)
307	(-0.166489809,-0.258917119,-0.138943093)
308	(-0.154646736,-0.038113547,-0.132156959)
309	(-0.148108642,-0.029428018,-0.132168272)
310	(-0.153793821,-0.01740634,-0.13219633)
311	(-0.164349662,-0.223707735,-0.13455795)
312	(-0.160385727,-0.131738427,-0.138751497)
313	(0.000125837,0.974706882,-0.004598782)
314	(-0.16661493,-0.259108948,-0.13897546)
315	(-0.166652417,-0.258970016,-0.138933864)
316	(-0.166501357,-0.257529561,-0.138845095)
317	(3.058283234,4.195276045,2.267181112)
318	(-0.154587363,-0.038799229,-0.132161689)
319	(-0.154757654,-0.038285966,-0.132161687)
320	(-0.154746652,-0.041845386,-0.132162859)
321	(-0.15575134,-0.046859073,-0.133419475)
322	(-0.154719794,-0.019376236,-0.133348677)
323	(-0.166661656,-0.259175162,-0.13897548)
324	(-0.161052149,-0.231741323,-0.134032984)
325	(-0.166582616,-0.257674776,-0.138928558)
326	(-0.16403174,-0.242615011,-0.137569028)
327	(-0.166662257,-0.259184679,-0.138975506)
328	(-0.166663668,-0.259339047,-0.138975512)
329	(8.610174394,3.378216869,2.107955467)
330	(-0.166642058,-0.258941202,-0.13897303)
331	(-0.166661213,-0.259131993,-0.138975494)
332	(-0.155122937,-0.034396935,-0.13336505)
333	(-0.166291477,-0.229141682,-0.138916923)
334	(-0.154419858,-0.038576868,-0.132161571)
335	(-0.152750291,-0.017513556,-0.132196403)
336	(-0.166659823,-0.259171246,-0.138963782)
337	(-0.154942827,-0.046758662,-0.13341936)
338	(-0.149471574,-0.085681114,-0.13798901)
339	(-0.166522261,-0.257395923,-0.138911512)
340	(-0.166612724,-0.253412898,-0.138974486)
341	(-0.15327617,-0.04184998,-0.132162752)
342	(-0.166662631,-0.259340189,-0.138975512)
343	(-0.006246605,-0.105670025,0.213210856)
344	(-0.099850583,-0.067933499,-0.101561663)
345	(-0.1662563,-0.228803055,-0.138678036)
346	(-0.166645405,-0.258811214,-0.138937296)
347	(-0.16653939,-0.257510276,-0.138918183)
348	(-0.166649202,-0.258852896,-0.138941695)
349	(-0.166626084,-0.259208148,-0.138959405)
350	(-0.166663225,-0.259343921,-0.138975511)
351	(-0.157084688,-0.088964821,-0.138736022)
352	(-0.166663191,-0.259338215,-0.138975511)
353	(-0.166394097,-0.258639483,-0.138852277)
354	(-0.166663253,-0.259343766,-0.138975511)
355	(-0.166663834,-0.259341604,-0.138975511)
356	(-0.159730944,-0.11678301,-0.138889102)
357	(-0.166663025,-0.259340511,-0.138975511)
358	(-0.166663564,-0.259343726,-0.138975511)
359	(-0.166663626,-0.259344139,-0.138975511)
360	(-0.166663613,-0.259345303,-0.138975511)
361	(-0.166664124,-0.259347318,-0.138975511)
362	(-0.166664138,-0.259347199,-0.138975511)
363	(-0.154371432,-0.055389255,-0.133321157)
364	(-0.023503293,0.045117737,0.254647904)
365	(-0.166664041,-0.259346676,-0.138975511)
366	(-0.166663765,-0.259348688,-0.138975511)
367	(-0.166663371,-0.259343539,-0.138975511)
368	(-0.166663239,-0.259343136,-0.138975511)
369	(-0.166663862,-0.259346929,-0.138975511)
370	(-0.166663875,-0.259345987,-0.138975511)
371	(-0.166664117,-0.259346598,-0.138975511)
372	(-0.166663101,-0.259340274,-0.138975511)
373	(-0.16662762,-0.259107927,-0.138967751)
374	(-0.166663336,-0.259343053,-0.138975511)
375	(-0.166663958,-0.259347205,-0.138975511)
376	(-0.166663509,-0.259344799,-0.138975511)
377	(-0.166663772,-0.259342723,-0.138975511)
378	(-0.16654681,-0.255928765,-0.138936548)
379	(-0.153385712,-0.019427973,-0.133348554)
380	(-0.148692954,-0.047309383,-0.133184144)
381	(-0.166663972,-0.259347012,-0.138975511)
382	(-0.166663848,-0.259346543,-0.138975511)
383	(-0.166663647,-0.259342934,-0.138975511)
384	(-0.166663862,-0.259347023,-0.138975511)
385	(-0.166663979,-0.259346263,-0.138975511)
386	(-0.159467216,-0.163784946,-0.129250312)
387	(-0.166663115,-0.259343355,-0.138975511)
388	(-0.113689664,4.735260605,-0.133604613)
389	(-0.166664194,-0.25934589,-0.138975511)
390	(-0.166663751,-0.259346952,-0.138975511)
391	(-0.160160565,-0.130226183,-0.138748446)
392	(-0.166579892,-0.258737995,-0.138869841)
393	(-0.166603887,-0.258640994,-0.138945338)
394	(-0.166664062,-0.259346622,-0.138975511)
395	(-0.166663986,-0.259347509,-0.138975511)
396	(-0.166663177,-0.259337008,-0.138975512)
397	(-0.166577278,-0.257130947,-0.138913505)
398	(-0.15500287,-0.0407426,-0.133261323)
399	(-0.166659235,-0.259170519,-0.138975402)
400	(-0.166653938,-0.258990791,-0.138974771)
401	(-0.166613437,-0.258724355,-0.138948972)
402	(0.713007376,-0.025662036,0.406364292)
403	(-0.166633082,-0.25871298,-0.138961185)
404	(-0.155334809,-0.055898622,-0.133178728)
405	(-0.1666512,-0.259308638,-0.13897304)
406	(-0.164582244,-0.246748943,-0.137876923)
407	(-0.154831369,-0.058466556,-0.133179675)
408	(-0.161750989,-0.23693359,-0.134627679)
409	(-0.166616742,-0.253885908,-0.138974571)
410	(-0.153687294,-0.022176239,-0.133254084)
411	(-0.164372198,-0.208040937,-0.138675514)
412	(-0.166597,-0.258696355,-0.138942901)
413	(-0.166595188,-0.259078496,-0.138971293)
414	(-0.166660204,-0.259134829,-0.138975495)
415	(-0.166610871,-0.252584275,-0.13897437)
416	(-0.16658783,-0.259054342,-0.138917542)
417	(-0.165131026,-0.256416517,-0.138726201)
418	(-0.15419556,-0.066877201,-0.132559505)
419	(-0.153123651,-0.043184198,-0.131967294)
420	(-0.147938538,-0.014636037,-0.133612269)
421	(-0.160236251,-0.151501437,-0.13875112)
422	(-0.166563586,-0.259066554,-0.138903194)
423	(-0.163522526,-0.184284046,-0.135935768)
424	(-0.159908689,-0.128932174,-0.138755991)
425	(-0.166661075,-0.259173837,-0.138975487)
426	(-0.16664963,-0.258938458,-0.13897303)
427	(-0.143310159,-0.038051174,-0.132254858)
428	(-0.166512919,-0.258463151,-0.138848977)
429	(-0.164141483,-0.231148994,-0.137800548)
430	(-0.161355508,-0.2357567,-0.13474645)
431	(0.657648313,0.733188767,0.202337056)
432	(0.595989846,0.48055486,0.132807765)
433	(-0.166609696,-0.259113708,-0.138920169)
434	(-0.166622703,-0.2589202,-0.13895402)
435	(-0.166632225,-0.258908757,-0.138951841)
436	(-0.166635994,-0.258937211,-0.138962656)
437	(-0.166647169,-0.259015028,-0.13897181)
438	(-0.166220438,-0.255081553,-0.138859804)
439	(0.263074733,0.56192175,1.130670549)
440	(-0.16666104,-0.259136518,-0.138975494)
441	(-0.1340886,0.006193101,-0.114744455)
442	(-0.166610277,-0.259114916,-0.13890915)
443	(-0.166650315,-0.259090129,-0.13897238)
444	(-0.166637529,-0.25899903,-0.138951845)
445	(-0.16663876,-0.259015679,-0.138953476)
446	(-0.166638898,-0.258988614,-0.138962666)
447	(-0.164437601,-0.209990558,-0.138533178)
448	(-0.154124397,-0.044954591,-0.133160942)
449	(-0.153456641,-0.023102409,-0.133607092)
450	(-0.153532098,-0.025823989,-0.13360797)
451	(-0.154013596,-0.066877612,-0.132564229)
452	(-0.153099234,-0.019288939,-0.133348552)
453	(-0.166170974,-0.229928669,-0.138931469)
454	(0.638434092,0.691912185,0.111115428)
455	(-0.166659512,-0.259157938,-0.138974346)
456	(-0.166658717,-0.259150853,-0.138970568)
457	(-0.166653185,-0.259135533,-0.138961505)
458	(-0.166638587,-0.259154053,-0.13896748)
459	(-0.16665667,-0.259151319,-0.138966799)
460	(-0.166609772,-0.259118449,-0.13897546)
461	(-0.166650923,-0.258973849,-0.138933864)
462	(-0.153901786,-0.250099116,-0.131030974)
463	(-0.160711781,-0.158419723,-0.134576828)
464	(-0.166660452,-0.259133248,-0.138975494)
465	(-0.166661427,-0.259174585,-0.13897548)
466	(2.88717043,4.191272634,2.266817361)
467	(-0.166662562,-0.259182734,-0.138975506)
468	(-0.165849796,-0.2582093,-0.138539136)
469	(-0.166616749,-0.25932932,-0.138904229)
470	(8.347209877,3.377128329,2.107339437)
471	(-0.166649333,-0.258936979,-0.13897303)
472	(-0.152375852,-0.221597505,-0.12897746)
473	(-0.165141268,-0.214910135,-0.138778869)
474	(-0.162419769,-0.255352857,-0.138140385)
475	(-0.166656698,-0.259090338,-0.138973857)
476	(-0.164481955,-0.138082169,-0.138781812)
477	(-0.1666575,-0.259100625,-0.13897298)
478	(-0.166662313,-0.259175134,-0.138975487)
479	(-0.166066549,-0.250344761,-0.138751409)
480	(-0.166655474,-0.259308496,-0.138971759)
481	(-0.166661538,-0.259160131,-0.138974605)
482	(-0.166168727,-0.250331384,-0.138751366)
483	(-0.166655287,-0.259307456,-0.138971759)
484	(-0.166569872,-0.25769061,-0.138933446)
485	(-0.159491488,-0.167022355,-0.132516999)
486	(-0.166639292,-0.258758685,-0.138950884)
487	(-0.166460198,-0.259348314,-0.138950474)
488	(-0.166575749,-0.257693398,-0.138933449)
489	(-0.166654263,-0.259305289,-0.138971759)
490	(-0.166181298,-0.250310668,-0.138751412)
491	(-0.166175884,-0.250322944,-0.138751391)
492	(-0.166266873,-0.245988205,-0.138917061)
493	(-0.166179404,-0.250338184,-0.138751387)
494	(-0.166577146,-0.257705595,-0.138933441)
495	(-0.166654858,-0.259310973,-0.138971759)
496	(-0.164907302,-0.137600056,-0.138781772)
497	(-0.166654602,-0.259306121,-0.138971759)
498	(-0.166654519,-0.259308752,-0.138971759)
499	(-0.166087931,-0.248711702,-0.138712505)
500	(-0.165442807,-0.237476016,-0.138438943)
501	(-0.166575307,-0.257711814,-0.13893345)
502	(-0.166662264,-0.259178914,-0.138975486)
503	(-0.166577174,-0.25769144,-0.138933446)
504	(-0.166576213,-0.257696586,-0.138933445)
505	(-0.166655093,-0.259306877,-0.138971769)
506	(-0.138718659,-0.029904616,-0.074334123)
507	(-0.164683156,-0.207428613,-0.138042801)
508	(-0.165454121,-0.237446992,-0.138438904)
509	(-0.166596031,-0.259248898,-0.138946999)
510	(-0.165431812,-0.237465311,-0.138438841)
511	(-0.166647666,-0.259101146,-0.138973303)
512	(-0.165442227,-0.237433,-0.138438951)
513	(-0.166575383,-0.25768532,-0.138933652)
514	(-0.165446583,-0.23744714,-0.13843889)
515	(-0.16664757,-0.25910252,-0.138973302)
516	(-0.165443312,-0.237455794,-0.1384389)
517	(-0.166649298,-0.25910112,-0.138973302)
518	(-0.16664127,-0.257930938,-0.138955348)
519	(-0.166648275,-0.259104108,-0.138973303)
520	(-0.165465268,-0.239992663,-0.137912908)
521	(-0.16664804,-0.25909948,-0.138973302)
522	(-0.165474008,-0.237490548,-0.1384415)
523	(-0.166648904,-0.259099308,-0.138973302)
524	(-0.166646705,-0.259099296,-0.138973314)
525	(-0.164575184,-0.239248317,-0.136677931)
526	(-0.162507722,-0.246006433,-0.131600023)
527	(-0.166538899,-0.255401143,-0.138861348)
528	(-0.166178906,-0.2447447,-0.138917053)
529	(-0.161898633,-0.146844532,-0.114722053)
530	(-0.16396167,-0.242012467,-0.137255461)
531	(-0.16656537,-0.255632613,-0.138905923)
532	(-0.162522721,-0.200199221,-0.130890371)
533	(-0.16119458,-0.15201994,-0.114779696)
534	(-0.166555053,-0.255502337,-0.138874187)
535	(-0.166604267,-0.259242027,-0.138431689)
536	(-0.16660287,-0.258005116,-0.138960683)
537	(-0.166583425,-0.255708321,-0.138918728)
538	(-0.166601529,-0.257981498,-0.138960683)
539	(0.024648993,2.120283459,-0.046045915)
540	(-0.16663042,-0.259320262,-0.138655278)
541	(-0.166537447,-0.255456004,-0.138871919)
542	(-0.166596764,-0.257965821,-0.138959715)
543	(-0.165423113,-0.217809526,-0.138876252)
544	(-0.165258506,-0.225679355,-0.137140325)
545	(-0.166566704,-0.255647437,-0.138916363)
546	(-0.166591744,-0.257981011,-0.138959715)
547	(-0.159306094,-0.224240249,-0.131999173)
548	(-0.164435554,-0.246672845,-0.137658669)
549	(-0.166640184,-0.259311811,-0.138803126)
550	(-0.165809688,-0.251832658,-0.138130957)
551	(-0.166503466,-0.255269469,-0.138859392)
552	(-0.15888269,-0.241591449,-0.134326257)
553	(-0.166539722,-0.255487509,-0.13890357)
554	(-0.160090425,-0.156679477,-0.136855061)
555	(-0.166593542,-0.257825371,-0.138797085)
556	(-0.166608817,-0.257841125,-0.138797445)
557	(-0.16666057,-0.259138041,-0.138975494)
558	(-0.129515612,-0.026703027,-0.074302822)
559	(-0.158385895,-0.225239017,-0.132624479)
560	(-0.165546672,-0.252871773,-0.13843874)
561	(-0.141424108,-0.132302577,-0.122446181)
562	(-0.164775673,-0.141566409,-0.138781908)
563	(-0.166651325,-0.259077965,-0.138966279)
564	(-0.166617689,-0.258612652,-0.138859362)
565	(4.122636965,7.538978252,2.003975817)
566	(-0.163092407,-0.257673264,-0.137074502)
567	(-0.166662928,-0.259334576,-0.138971548)
568	(-0.166634341,-0.256003791,-0.138974588)
569	(-0.165324386,-0.22390024,-0.135840027)
570	(-0.166610567,-0.258039289,-0.138973093)
571	(13.69721001,3.974813719,5.956318223)
572	(-0.166625324,-0.258047034,-0.138972809)
573	(-0.166483405,-0.259118291,-0.138629679)
574	(-0.16666214,-0.259166114,-0.138974754)
575	(-0.16633471,-0.254110744,-0.138926726)
576	(4.07406702,7.518287336,2.001162879)
577	(-0.166638559,-0.259246258,-0.138952152)
578	(-0.161661923,-0.244367321,-0.137458737)
579	(-0.165839305,-0.239174428,-0.138959908)
580	(-0.165942105,-0.174838475,-0.138743816)
581	(-0.060831571,0.369493238,0.156850972)
582	(-0.160997776,-0.226091881,-0.133286868)
583	(-0.166550302,-0.256752352,-0.138915419)
584	(-0.16665676,-0.259132152,-0.138971654)
585	(-0.166648607,-0.258927546,-0.138947152)
586	(-0.166574512,-0.25714876,-0.138903609)
587	(-0.166656456,-0.258967011,-0.138950703)
588	(-0.166627087,-0.259007304,-0.138924176)
589	(-0.166661303,-0.259166761,-0.138975485)
590	(-0.148743504,-0.137844048,-0.12254914)
591	(-0.166157151,-0.258186061,-0.138094639)
592	(-0.166039601,-0.176302556,-0.138901089)
593	(-0.166644181,-0.257804446,-0.138972332)
594	(-0.166594704,-0.258531303,-0.138894858)
595	(-0.166551796,-0.257125725,-0.13880445)
596	(-0.153175736,-0.090703661,-0.138007018)
597	(-0.15538152,-0.038715714,-0.132161571)
598	(-0.16662809,-0.258730445,-0.138967042)
599	(-0.156277012,-0.044952105,-0.133160942)
600	(-0.162114931,-0.153977016,-0.138814421)
601	(-0.166623899,-0.253394739,-0.138974509)
602	(-0.163072091,-0.246788197,-0.13321723)
603	(-0.158958804,-0.21838683,-0.136084237)
604	(-0.165568835,-0.147118619,-0.138945194)
605	(0.54547474,1.345478982,0.164429493)
606	(-0.165940937,-0.246416227,-0.138747163)
607	(-0.166582858,-0.257223525,-0.138911907)
608	(-0.150515574,-0.227470236,-0.127237569)
609	(-0.166615325,-0.258782031,-0.138895831)
610	(-0.150777123,-0.053932109,-0.138767796)
611	(-0.16660294,-0.253549005,-0.138974319)
612	(-0.165666013,-0.186807607,-0.138968296)
613	(-0.162237577,-0.135252076,-0.138752273)
614	(-0.157629826,-0.056392117,-0.133174765)
615	(-0.157267184,-0.105564935,-0.137578691)
616	(-0.166616023,-0.258813789,-0.138893745)
617	(-0.166644361,-0.258771886,-0.138966535)
618	(-0.15964743,-0.081687825,-0.138740215)
619	(-0.162807886,-0.228012306,-0.126847384)
620	(-0.164917364,-0.210887905,-0.137805187)
621	(-0.145020782,-0.114405575,-0.137911489)
622	(-0.165681593,-0.23099515,-0.138968262)
623	(-0.165746982,-0.231151031,-0.13896819)
624	(-0.149950541,-0.049933541,-0.132750733)
625	(-0.166640247,-0.258755188,-0.138964664)
626	(-0.166649368,-0.258836348,-0.13897167)
627	(-0.165640676,-0.186775592,-0.138968247)
628	(-0.162474225,-0.235053545,-0.134876508)
629	(-0.152919296,-0.037045173,-0.133422951)
630	(-0.166243991,-0.227495902,-0.138913141)
631	(-0.037634122,0.156077086,0.190529886)
632	(-0.150596294,-0.055450566,-0.138730303)
633	(-0.157357848,-0.056482126,-0.133178727)
634	(-0.157400383,-0.045383727,-0.133160942)
635	(-0.067700164,0.207078376,0.155647578)
636	(-0.153286744,-0.221780697,-0.127804952)
637	(-0.166627329,-0.253716201,-0.138974565)
638	(-0.165765909,-0.231199924,-0.138968024)
639	(-0.157800663,-0.046965955,-0.133419365)
640	(-0.166337275,-0.228117903,-0.138913142)
641	(-0.165729563,-0.231091082,-0.138968151)
642	(-0.166581288,-0.258533611,-0.138861691)
643	(-0.16658559,-0.258549806,-0.13885982)
644	(-0.166661842,-0.259136806,-0.138975494)
645	(-0.156805899,-0.062993976,-0.131289665)
646	(-0.159434514,-0.147639212,-0.138947305)
647	(-0.165977531,-0.247986431,-0.137841212)
648	(-0.166659975,-0.259167492,-0.138954143)
649	(-0.166605996,-0.257618786,-0.138862031)
650	(-0.166656089,-0.259087918,-0.138972712)
651	(-0.166655833,-0.259092868,-0.138973052)
652	(-0.166655536,-0.259098304,-0.13897302)
653	(-0.154413683,0.002136332,-0.137778472)
654	(-0.157472798,-0.023924898,-0.133603724)
655	(0.603469215,-0.024232712,0.406364861)
656	(-0.157935798,-0.044429137,-0.133418475)
657	(-0.161051859,-0.092771881,-0.138737214)
658	(-0.166369175,-0.228503264,-0.138540954)
659	(-0.124101858,-0.127498842,-0.124799516)
660	(-0.165506793,-0.186788999,-0.138965786)
661	(-0.166643358,-0.256521731,-0.138975164)
662	(-0.166657901,-0.259118451,-0.138973454)
663	(-0.166656449,-0.259102271,-0.138972975)
664	(-0.166656442,-0.259104814,-0.138973381)
665	(-0.166623263,-0.253563302,-0.138974229)
666	(-0.166655128,-0.25931164,-0.13897304)
667	(-0.1666575,-0.259157954,-0.138974381)
668	(-0.158314476,-0.064631113,-0.132602574)
669	(-0.1666562,-0.259133837,-0.138970365)
670	(-0.166661628,-0.259166539,-0.138974783)
671	(-0.166661179,-0.259162846,-0.138974743)
672	(-0.166661047,-0.259162868,-0.138974574)
673	(-0.160628662,-0.254223029,-0.13391988)
674	(-0.166384671,-0.245280187,-0.138964919)
675	(-0.166597069,-0.25720024,-0.138920128)
676	(-0.160788822,-0.162859385,-0.129218758)
677	(-0.166652687,-0.259081796,-0.138966607)
678	(-0.16566416,-0.186564817,-0.138967703)
679	(-0.157539045,-0.023860161,-0.13360709)
680	(-0.159789432,-0.125668144,-0.135836368)
681	(-0.152240068,-0.074639368,-0.138415186)
682	(-0.166604862,-0.259197759,-0.138930739)
683	(-0.16662159,-0.259325905,-0.138897979)
684	(-0.166650979,-0.259317031,-0.138923814)
685	(-0.159019712,-0.144284513,-0.13893939)
686	(-0.165998761,-0.175165857,-0.138941226)
687	(-0.153184684,-0.031031703,-0.133265798)
688	(-0.166056343,-0.2284978,-0.138907716)
689	(-0.161856258,-0.153250446,-0.138739102)
690	(-0.157537897,-0.041065461,-0.133261322)
691	(-0.14563673,0.00160573,-0.137538548)
692	(-0.166629404,-0.253711116,-0.138974565)
693	(-0.162313477,-0.199836031,-0.138154626)
694	(-0.166610539,-0.258429842,-0.138960158)
695	(-0.166648316,-0.25915038,-0.138934919)
696	(-0.166265102,-0.255739875,-0.138815054)
697	(-0.166662271,-0.259174573,-0.138975485)
698	(-0.162072126,-0.156900796,-0.13487161)
699	(-0.166626354,-0.259115265,-0.13897546)
700	(-0.16660778,-0.258447464,-0.138859362)
701	(-0.165395972,-0.186647553,-0.138963607)
702	(-0.163465256,-0.254657367,-0.136565999)
703	(-0.157679407,-0.038650372,-0.133260395)
704	(-0.157832632,-0.044554449,-0.133414705)
705	(-0.161036355,-0.080422317,-0.138575134)
706	(-0.13986142,0.072292226,-0.138019877)
707	(-0.166623892,-0.258572846,-0.138933815)
708	(-0.158046599,-0.064575319,-0.132602579)
709	(-0.166654187,-0.258976204,-0.138933864)
710	(-0.165790547,-0.231182686,-0.138966027)
711	(-0.166625026,-0.253708707,-0.13897432)
712	(-0.166366084,-0.255924459,-0.138681244)
713	(-0.16574757,-0.2310267,-0.138966944)
714	(-0.157817329,-0.079661795,-0.132372856)
715	(-0.16587729,-0.146643721,-0.138953167)
716	(-0.164750841,-0.208719227,-0.137761116)
717	(-0.162673996,-0.154154961,-0.13875176)
718	(-0.166661988,-0.259177661,-0.13897548)
719	(-0.16080732,-0.21234499,-0.135133951)
720	(-0.165897448,-0.224729877,-0.138472741)
721	(-0.163182428,-0.238888734,-0.135350057)
722	(-0.16666252,-0.259189711,-0.138975506)
723	(-0.166020571,-0.249603109,-0.138116986)
724	(-0.15744141,-0.044652594,-0.133418475)
725	(-0.16603492,-0.224891899,-0.138472742)
726	(-0.166661469,-0.259166219,-0.138975485)
727	(-0.165333093,-0.230129565,-0.138959257)
728	(-0.158082682,-0.171635862,-0.137430635)
729	(-0.158723407,-0.081320465,-0.133501415)
730	(-0.157336446,-0.019616161,-0.133348555)
731	(-0.166628622,-0.253702732,-0.138974565)
732	(0.103774555,-0.189664718,-0.096374644)
733	(-0.152728495,-0.00847971,-0.133352258)
734	(-0.152768499,-0.077505552,-0.138263364)
735	(-0.166661573,-0.259134496,-0.138975494)
736	(-0.166574961,-0.259090751,-0.138863697)
737	(-0.155989461,-0.2314164,-0.129770335)
738	(-0.163180443,-0.200032067,-0.134061514)
739	(-0.166602698,-0.257414173,-0.13892263)
740	(0.10752009,0.549793591,0.175426786)
741	(-0.166449839,-0.22797204,-0.138970064)
742	(-0.159634734,-0.086142266,-0.138752361)
743	(-0.160705599,-0.086195688,-0.138741463)
744	(-0.122014985,1.288290815,0.133576137)
745	(-0.165531466,-0.230262202,-0.138963452)
746	(-0.157063424,-0.016938487,-0.133347602)
747	(-0.158558932,-0.175106788,-0.137430647)
748	(-0.15759942,-0.038473335,-0.133256735)
749	(-0.166409324,-0.227943556,-0.13896548)
750	(-0.166316046,-0.259357373,-0.138927471)
751	(-0.166620898,-0.253217165,-0.13897423)
752	(-0.158611597,-0.173358345,-0.137430027)
753	(-0.15854006,-0.17253938,-0.13743002)
754	(-0.158753675,-0.081215878,-0.133501418)
755	(-0.164113297,-0.199454646,-0.137814083)
756	(-0.166660549,-0.259163255,-0.138975317)
757	(-0.166661787,-0.259174163,-0.138975421)
758	(-0.157996091,-0.04565139,-0.13316094)
759	(-0.166661504,-0.259171754,-0.138975414)
760	(-0.166649271,-0.258980453,-0.138964433)
761	(-0.166512027,-0.258146557,-0.138685837)
762	(-0.166654091,-0.259057122,-0.13897057)
763	(-0.14867521,-0.097736925,-0.131828572)
764	(-0.164430022,-0.182602058,-0.138923694)
765	(-0.166658433,-0.259321263,-0.138937852)
766	(-0.120528806,0.061199956,0.00372264)
767	(-0.14022707,0.086847701,-0.137653883)
768	(-0.160306626,-0.254180323,-0.133816475)
769	(-0.166661856,-0.259319124,-0.138971266)
770	(-0.166248963,-0.246079844,-0.13891529)
771	(-0.163383568,-0.163118497,-0.137097635)
772	(-0.152853098,-0.035481914,-0.13316548)
773	(-0.164341232,-0.182470822,-0.138918251)
774	(-0.161792466,-0.220310814,-0.138918179)
775	(-0.1544969,-0.135547817,-0.138916933)
776	(-0.166656248,-0.259166775,-0.138966151)
777	(-0.161037655,-0.164586974,-0.128808629)
778	(-0.157322422,-0.053341329,-0.13273211)
779	(-0.166240132,-0.245993337,-0.138915298)
780	(-0.166658081,-0.259321981,-0.138932481)
781	(-0.069168558,0.177977049,0.155384066)
782	(-0.148614807,-0.09567153,-0.131828501)
783	(-0.158233196,-0.145367521,-0.138915047)
784	(-0.166656836,-0.259320344,-0.138928832)
785	(-0.147978528,-0.096088516,-0.131828171)
786	(-0.147577238,-0.095797479,-0.131828881)
787	(-0.166626396,-0.259236328,-0.1389569)
788	(-0.166655992,-0.259319191,-0.138929549)
789	(-0.16664916,-0.259013834,-0.138959336)
790	(-0.166530739,-0.258518423,-0.138670369)
791	(-0.166659747,-0.259167996,-0.138975396)
792	(-0.166654893,-0.25905376,-0.138969879)
793	(-0.16657456,-0.258533774,-0.138722137)
794	(-0.166657624,-0.259160294,-0.138975289)
795	(-0.166661054,-0.259168604,-0.138975404)
796	(-0.166601536,-0.257605642,-0.138862031)
797	(-0.165968431,-0.214711647,-0.138963569)
798	(-0.157049393,-0.038515974,-0.133260392)
799	(-0.162476369,-0.15563859,-0.138739683)
800	(-0.150725433,-0.1360976,-0.138891379)
801	(-0.157046206,-0.042496508,-0.13315998)
802	(-0.161435882,-0.220393917,-0.138910106)
803	(-0.159561946,-0.241599679,-0.134218333)
804	(-0.151086609,-0.072993514,-0.138373262)
805	(-0.157662735,-0.054919361,-0.133781507)
806	(-0.164704911,-0.186030947,-0.138957005)
807	(-0.150336016,-0.06701872,-0.138071633)
808	(0.105387321,1.899149702,0.754287324)
809	(-0.166612116,-0.252557304,-0.138974016)
810	(-0.146089814,-0.241352634,-0.123617633)
811	(-0.16644957,-0.255691013,-0.138924278)
812	(-0.164565337,-0.179141605,-0.13885321)
813	(-0.1665753,-0.258769327,-0.138692645)
814	(-0.166627813,-0.25387646,-0.138974593)
815	(-0.16659646,-0.257202321,-0.138919632)
816	(-0.157203649,-0.064121443,-0.132602578)
817	(-0.161749129,-0.150689718,-0.138762766)
818	(-0.163023554,-0.220959273,-0.137712824)
819	(-0.162834709,-0.220751969,-0.13771283)
820	(-0.162826121,-0.22119981,-0.137712826)
821	(-0.16283612,-0.220971164,-0.137712604)
822	(-0.164600431,-0.229297186,-0.138947783)
823	(-0.165589574,-0.211890318,-0.1389498)
824	(-0.165964316,-0.176424632,-0.138899819)
825	(-0.163974532,-0.242728112,-0.137263712)
826	(-0.150523284,-0.052944392,-0.132606982)
827	(-0.152931577,-0.063422151,-0.138896839)
828	(-0.163959242,-0.255732651,-0.134542327)
829	(-0.155459778,-0.016703542,-0.133343624)
830	(-0.068246907,0.611524128,0.023750958)
831	(-0.164859035,-0.212885814,-0.138822681)
832	(-0.166574048,-0.257367364,-0.138765603)
833	(-0.148411309,-0.054011277,-0.137030932)
834	(-0.148368685,-0.057872159,-0.137268628)
835	(-0.142345213,0.027807343,-0.136506244)
836	(-0.161998328,-0.199791995,-0.130693265)
837	(-0.163158772,-0.181645333,-0.138610494)
838	(-0.166661642,-0.259138961,-0.138975494)
839	(-0.166661047,-0.259155028,-0.138973583)
840	(-0.166539867,-0.259118282,-0.13854121)
841	(-0.16666187,-0.259157844,-0.138975446)
842	(-0.16666093,-0.259167417,-0.138975405)
843	(-0.166660833,-0.259166713,-0.138975443)
844	(-0.157661013,-0.054803289,-0.133781517)
845	(-0.166577333,-0.259112271,-0.138635513)
846	(-0.166659706,-0.259153805,-0.138969412)
847	(-0.165414705,-0.223672109,-0.136466969)
848	(-0.063607768,0.368194311,0.176145682)
849	(-0.160407192,-0.254123096,-0.134021102)
850	(-0.157025294,-0.061364189,-0.132601501)
851	(-0.160278903,-0.090438945,-0.138753608)
852	(-0.156257255,-0.016636834,-0.133347599)
853	(-0.166623498,-0.253548921,-0.138974537)
854	(-0.166621029,-0.253878761,-0.13897428)
855	(-0.15649102,-0.062903051,-0.132499686)
856	(-0.152872592,-0.062244512,-0.138905442)
857	(-0.164804993,-0.033020277,-0.138928435)
858	(-0.166656234,-0.259170467,-0.138942857)
859	(-0.166656089,-0.259172553,-0.138934905)
860	(-0.165938675,-0.258394926,-0.138745646)
861	(-0.152104746,-0.070342785,-0.112541977)
862	(-0.165604323,-0.258822874,-0.138410561)
863	(-0.157992564,-0.080900523,-0.133501419)
864	(-0.159527128,-0.15154251,-0.137147023)
865	(-0.163937481,-0.148229513,-0.138432637)
866	(-0.109654366,-0.048641971,-0.041222056)
867	(-0.137071144,-0.092567047,-0.138672396)
868	(-0.153396901,-0.222783717,-0.13853719)
869	(-0.157224256,-0.064420483,-0.133598915)
870	(-0.15627381,-0.042154721,-0.133155686)
871	(-0.152967868,-0.072004904,-0.133505143)
872	(-0.162962977,-0.140473092,-0.13830999)
873	(-0.166660072,-0.25932069,-0.138967099)
874	(-0.166541603,-0.257789178,-0.138913621)
875	(-0.166592581,-0.257187692,-0.138917992)
876	(-0.166655771,-0.259158231,-0.138974174)
877	(-0.166644423,-0.258871563,-0.138964701)
878	(-0.162479315,-0.199628589,-0.133234467)
879	(-0.15710042,-0.042706053,-0.133159979)
880	(-0.165484692,-0.211792869,-0.138941711)
881	(-0.160791727,-0.127548137,-0.138749997)
882	(-0.15768265,-0.078908741,-0.133500566)
883	(-0.166641948,-0.259106721,-0.138967026)
884	(-0.166617703,-0.252735675,-0.138974398)
885	(-0.16659729,-0.25855134,-0.138919637)
886	(-0.166623111,-0.253894344,-0.138974313)
887	(-0.139885547,0.042327397,-0.133450193)
888	(0.08508057,1.574735439,-0.093978687)
889	(-0.161947647,-0.153403923,-0.138763415)
890	(-0.166633262,-0.258818215,-0.138929874)
891	(-0.166661773,-0.259176261,-0.138975452)
892	(-0.164598944,-0.210558308,-0.137805329)
893	(-0.156337014,-0.064508456,-0.133598914)
894	(-0.164203857,-0.245191266,-0.137570252)
895	(-0.166596792,-0.257607428,-0.138907253)
896	(-0.086168779,-0.072017886,0.198190358)
897	(-0.141936641,-0.047244748,-0.091611506)
898	(-0.166637771,-0.259027146,-0.138953345)
899	(-0.155049686,-0.060808796,-0.132596856)
900	(-0.166604475,-0.25787106,-0.138914623)
901	(-0.16666075,-0.25913732,-0.138975494)
902	(-0.166624307,-0.258929598,-0.138936982)
903	(-0.163839514,-0.23154523,-0.130029189)
904	(-0.15399747,-0.036047138,-0.132215244)
905	(-0.155663947,-0.054894433,-0.133781516)
906	(-0.150580624,-0.045382754,-0.133784689)
907	(0.594585417,1.340826804,0.164198281)
908	(0.042794977,0.884370983,-0.001077161)
909	(-0.16663616,-0.259046131,-0.138939464)
910	(0.146896218,0.683623404,0.406138092)
911	(-0.166534356,-0.257775661,-0.138912505)
912	(-0.158143293,-0.087151272,-0.13874211)
913	(-0.154928858,-0.061219162,-0.132601512)
914	(-0.166637467,-0.258848205,-0.138928226)
915	(-0.161031459,-0.244388049,-0.130344745)
916	(-0.158739492,-0.156007137,-0.106377421)
917	(-0.166624238,-0.253889955,-0.138974593)
918	(-0.164601344,-0.210699959,-0.137805565)
919	(-0.12227771,-0.096911308,-0.092599046)
920	(-0.155924086,-0.052793342,-0.133780704)
921	(0.332409823,0.905589486,0.177549475)
922	(-0.155026755,-0.037587405,-0.133365984)
923	(-0.163355181,-0.190823364,-0.138114466)
924	(-0.159767117,-0.151786354,-0.136963525)
925	(-0.153049348,-0.229580708,-0.130465995)
926	(-0.16666066,-0.259165333,-0.138975484)
927	(-0.166618443,-0.253719084,-0.13897427)
928	(-0.166209802,-0.228283273,-0.138920526)
929	(-0.152839572,-0.214235328,-0.124156351)
930	(-0.160977411,-0.244461386,-0.137415124)
931	(-0.166589185,-0.257195234,-0.138916908)
932	(-0.161091745,-0.130482495,-0.138750929)
933	(-0.166653427,-0.258957228,-0.13897541)
934	(-0.156814004,-0.078246508,-0.133496652)
935	(-0.166284804,-0.228838376,-0.138920527)
936	(-0.149295363,-0.059507688,-0.138674844)
937	(-0.166616963,-0.259106783,-0.13897546)
938	(-0.166661649,-0.259175838,-0.138975278)
939	(0.239682977,1.365308272,0.268415227)
940	(-0.157528299,-0.21465879,-0.129935492)
941	(-0.151414197,-0.054671705,-0.133602237)
942	(-0.166651878,-0.25897556,-0.138933864)
943	(-0.166413348,-0.229039569,-0.13895773)
944	(-0.157006382,-0.064498264,-0.133598915)
945	(-0.166300743,-0.258777951,-0.138808046)
946	(-0.156140812,-0.037570673,-0.133365984)
947	(-0.158099569,-0.078816881,-0.133500563)
948	(-0.166643303,-0.259119806,-0.138969989)
949	(-0.166661946,-0.25917222,-0.13897548)
950	(-0.164690562,-0.255641834,-0.136908893)
951	(-0.165226005,-0.251412508,-0.138081688)
952	(-0.166624217,-0.253904199,-0.138974593)
953	(-0.166661656,-0.259184825,-0.138975506)
954	(-0.156346868,-0.062134155,-0.133598077)
955	(-0.148668904,-0.230849411,-0.1192323)
956	(-0.166577776,-0.258729547,-0.138873286)
957	(-0.166583114,-0.258734521,-0.138872293)
958	(-0.166660826,-0.259167165,-0.138975424)
959	(-0.166615981,-0.253377971,-0.138974206)
960	(0.094768878,0.692133006,0.093262806)
961	(-0.160715356,-0.164683404,-0.129269143)
962	(-0.155141712,-0.05744281,-0.132148108)
963	(-0.164947168,-0.169087813,-0.137486778)
964	(-0.15961569,-0.090853305,-0.138743339)
965	(-0.166656103,-0.258991299,-0.138974959)
966	(-0.161617403,-0.169406616,-0.129494313)
967	(0.58501775,1.355456793,0.165749678)
968	(-0.093753949,0.114103208,-0.08804343)
969	(0.000833286,0.96811815,-0.004467543)
970	(-0.1576408,-0.052674313,-0.133776962)
971	(-0.166661462,-0.259129814,-0.138975494)
972	(-0.166602504,-0.25848135,-0.138909218)
973	(-0.166473033,-0.22844665,-0.138969861)
974	(-0.16660814,-0.258775378,-0.138926457)
975	(-0.166112279,-0.170510812,-0.138961606)
976	(-0.164152174,-0.175394195,-0.138585099)
977	(-0.157404878,-0.059359057,-0.13332207)
978	(-0.151852089,-0.02723287,-0.13336962)
979	(-0.160153754,-0.119281537,-0.138748753)
980	(-0.156473732,-0.037746654,-0.133365983)
981	(-0.165723685,-0.239294281,-0.138959795)
982	(-0.166594109,-0.258678652,-0.138922502)
983	(-0.157152359,-0.05309412,-0.133780704)
984	(-0.15999723,-0.246659276,-0.133060754)
985	(-0.164900636,-0.209564526,-0.138499619)
986	(-0.166591163,-0.257172168,-0.138914012)
987	(-0.166246916,-0.228130168,-0.138621595)
988	(-0.166625282,-0.259087081,-0.138972465)
989	(-0.166625372,-0.253709883,-0.138974565)
990	(-0.166557238,-0.25842725,-0.138844028)
991	(-0.165440823,-0.213317313,-0.138921253)
992	(-0.166328984,-0.22866254,-0.138621596)
993	(-0.165299333,-0.252025228,-0.137406456)
994	(-0.15691338,-0.035169533,-0.13336505)
995	(0.244244459,0.240709287,0.031961566)
996	(0.107478599,0.252803817,-0.03222321)
997	(-0.149009555,0.307250019,-0.026578222)
998	(-0.166661628,-0.259166808,-0.138975485)
999	(-0.16666028,-0.259169286,-0.138975485)
1000	(-0.166662174,-0.259174746,-0.138975486)
-999
