TPCSVapollo1-500-5.in
500 5 999
1	(-0.166596667595812,-0.257173565832639,-0.138920709093758)
2	(-0.163487867918033,-0.231417939475479,-0.130412189186458)
3	(-0.166650349498395,-0.25897468446982,-0.138933863814456)
4	(-0.160205554611551,-0.24350666341104,-0.130714952459596)
5	(-0.166660950342999,-0.259174829438743,-0.138975479890513)
6	(-0.166660936512804,-0.259135068840522,-0.138975494490389)
7	(-0.159533068286121,-0.221079749744056,-0.134601530104075)
8	(-0.16666195303215,-0.259184887985779,-0.138975506222466)
9	(-0.164031933966137,-0.244069297459834,-0.137845005724983)
10	(-0.166648330289899,-0.258924670859321,-0.138973029598542)
11	(-0.14719031751467,-0.0850495933048431,-0.137977268945592)
12	(-0.166618062907752,-0.259105924200485,-0.138965006060388)
13	(-0.155000553741237,-0.0537179233859887,-0.133334587894809)
14	(-0.166659263059187,-0.259165956962045,-0.138975384949909)
15	(-0.151293404499279,-0.0582593473141967,-0.1339621467968)
16	(-0.151794195866672,-0.0933309803244916,-0.136139250125263)
17	(-0.166620497022104,-0.254062384309938,-0.138974623755254)
18	(-0.166652354876696,-0.258985955909987,-0.138974617272595)
19	(-0.161688400478139,-0.172664266343741,-0.138842635177855)
20	(-0.166087370658385,-0.248292420343512,-0.138837624213324)
21	(0.029896521904471,0.331854057576025,0.129793177486896)
22	(-0.158263843614252,-0.124016054149594,-0.138737999708816)
23	(-0.165267931594092,-0.249858481633221,-0.138368660440729)
24	(-0.145787838912261,-0.0585707850767989,-0.138263366072996)
25	(-0.165793188576755,-0.248702428514218,-0.138712435256925)
26	(-0.16579744827687,-0.248686027215063,-0.138712469795523)
27	(-0.163920331206149,-0.247106810184043,-0.137934431208363)
28	(-0.154620631364601,-0.0647947139026905,-0.133957075564404)
29	(-0.160630279905465,-0.258383869725081,-0.081784495523607)
30	(-0.166648447846558,-0.259306969409367,-0.138971768635847)
31	(-0.161043712845017,-0.227810660354415,-0.135319406315461)
32	(-0.154366653660354,-0.0644688261990588,-0.133953627346353)
33	(-0.166615379849888,-0.253876784838242,-0.138974573571524)
34	(-0.166648392525778,-0.259307370913036,-0.138971768908536)
35	(-0.158064529756445,-0.10052759495692,-0.138743084281083)
36	(-0.166526804364871,-0.257716888309336,-0.138933641014252)
37	(-0.166578958030887,-0.259015874219933,-0.138970338729949)
38	(-0.166660943427902,-0.259136026078915,-0.138975494490074)
39	(-0.166532931141335,-0.257710534660458,-0.138933646423002)
40	(-0.151411880866271,-0.0236575632855618,-0.132531565303024)
41	(-0.166643213117683,-0.259303422095112,-0.138973856272223)
42	(-0.14945485984291,0.00617690448016742,-0.137778473495657)
43	(-0.16664393920293,-0.25930371127834,-0.138973856295052)
44	(-0.164866205914758,-0.237538967688768,-0.138441358373151)
45	(-0.164836955051957,-0.237512748409494,-0.138441427985963)
46	(-0.151720245813056,-0.0144027184658915,-0.132897669881526)
47	(-0.166638925757178,-0.259104755732604,-0.138973313432407)
48	(-0.154378506137621,-0.0758683267567411,-0.133548686736581)
49	(-0.166641567324457,-0.259305990377456,-0.138973856293005)
50	(-0.166639803974572,-0.259102533631922,-0.13897331386852)
51	(-0.166425989157121,-0.259319037989386,-0.12799434714029)
52	(-0.154225053207024,-0.0645433021959501,-0.133957062905626)
53	(-0.166638538511713,-0.25910376831857,-0.138973313755792)
54	(-0.147918159196299,-0.065746436858992,-0.133553027653662)
55	(-0.166645211580887,-0.259295433932341,-0.138973856247977)
56	(-0.16163915115311,-0.241172403223187,-0.137206846968249)
57	(-0.166640758258039,-0.259303957712742,-0.138973856294737)
58	(-0.141711416543955,-0.0212638956424897,-0.131945300762456)
59	(-0.166630323375778,-0.255859748594438,-0.138974963766178)
60	(-0.166642203513435,-0.259304354187138,-0.138973856193659)
61	(-0.166645467439497,-0.258931396674439,-0.138973029589568)
62	(-0.13541257862192,-0.0597732441407648,-0.0771751259969566)
63	(-0.166613381386685,-0.253906572387077,-0.138974596017661)
64	(-0.159316397533366,0.175847050033281,-0.138932513732719)
65	(-0.152478092103123,-0.0255742579810356,-0.133608090292234)
66	(-0.166642148192655,-0.259305633299036,-0.138973856276631)
67	(-0.158687310360405,-0.119949942670511,-0.138738065331743)
68	(-0.162113098111663,-0.234740130036114,-0.13593752713372)
69	(-0.166209484366708,-0.255660930515512,-0.138884093542278)
70	(-0.142665001586376,-0.0538762834740991,-0.138415187283107)
71	(-0.154751140001398,-0.0731182923360938,-0.133547830638164)
72	(-0.166647341430944,-0.259303059149207,-0.13897385621885)
73	(-0.166660307238923,-0.259139516394736,-0.138975494490389)
74	(-0.166573080197936,-0.257201259527266,-0.138919438237275)
75	(-0.166610864291162,-0.253416407655041,-0.138974490227913)
76	(-0.166642009890703,-0.259302671056934,-0.138973856236956)
77	(-0.154434933333947,-0.072387610980182,-0.133543895715948)
78	(-0.159863208875214,-0.153118665385833,-0.138725975189249)
79	(-0.166644118995468,-0.259306573773184,-0.138973856216488)
80	(-0.00120263584083312,-0.222718199043934,-0.119414009632872)
81	(-0.166646394062574,-0.259306836971831,-0.138974548217126)
82	(-0.153243870010126,-0.024258018309423,-0.133355860354761)
83	(0.0660142218287,0.526385940660817,0.127284955889307)
84	(-0.166649111695927,-0.25929838360126,-0.138973778340982)
85	(-0.166610034479452,-0.259093926868508,-0.138975460368067)
86	(-0.155450007424129,-0.212033345679976,-0.131720171394149)
87	(-0.16664956117727,-0.259305215869334,-0.138974536991223)
88	(-0.16580470221424,-0.248718564100088,-0.138712479908313)
89	(-0.146134243810883,-0.0126441709526157,-0.133360749476323)
90	(-0.165813055652128,-0.248735561368154,-0.138712485193313)
91	(-0.152758333348014,-0.0418148408327367,-0.132162858496979)
92	(-0.156622704248755,-0.0979966423964147,-0.138876480012649)
93	(-0.154483408168046,-0.072732589806088,-0.133547826655678)
94	(-0.166662361022907,-0.259333519782481,-0.138975507794993)
95	(-0.163649370022223,-0.224764441119533,-0.136906956474271)
96	(-0.16476992009593,-0.258127142076232,-0.0583937487382607)
97	(-0.166663253070496,-0.25934468057863,-0.138975511208485)
98	(-0.166652092102988,-0.259307321458513,-0.13897176899324)
99	(-0.166663080193057,-0.259340780377016,-0.138975511208485)
100	(-0.166663135513837,-0.259343056123283,-0.13897551121006)
101	(-0.166663474353619,-0.259342301732255,-0.138975511207698)
102	(0.259513312374912,0.577947930362811,0.0518012200358302)
103	(-0.166651545810278,-0.258974145499342,-0.138933863816345)
104	(-0.1666503356682,-0.259309279522336,-0.138971769034489)
105	(-0.126960904858098,0.122023375074936,-0.138019878079478)
106	(-0.166662167400175,-0.259332446032585,-0.138975507825537)
107	(-0.166617689492483,-0.253384001531127,-0.138974512898404)
108	(-0.166663633400864,-0.259346154993983,-0.138975511029474)
109	(-0.166664165863378,-0.259346409810507,-0.13897551102727)
110	(-0.166556698331748,-0.257698800527128,-0.138933648118963)
111	(-0.0699698030690321,5.32036770429507,-0.134760307131759)
112	(-0.129863517071067,0.114583603450035,-0.137653880006297)
113	(-0.166540302635364,-0.257686841752915,-0.138933648970407)
114	(-0.166663336051667,-0.25934232184935,-0.138975511209587)
115	(-0.166663515844205,-0.25934411143251,-0.138975511208643)
116	(-0.166663723297132,-0.259343069534679,-0.138975511232731)
117	(-0.166660341814411,-0.259173980329731,-0.138975479890513)
118	(-0.166663612655571,-0.259341571649383,-0.138975511209115)
119	(-0.133953299407916,0.171465877200027,-0.138481127336239)
120	(-0.140257482700386,-0.082870007585824,-0.119540627412286)
121	(-0.166664006816133,-0.259346040158904,-0.138975511029159)
122	(-0.166663564249888,-0.259347234611364,-0.138975511028529)
123	(-0.0797802036128178,0.687777364709247,-0.0619465045369626)
124	(-0.165975629596444,-0.258164010003968,-0.138678371667231)
125	(-0.1666641036275,-0.259346973927354,-0.138975511028215)
126	(-0.166650252687029,-0.258929073988286,-0.138973029598542)
127	(-0.165152809049431,-0.237455350149046,-0.138441448698038)
128	(-0.166663999901036,-0.259346939560651,-0.138975511026325)
129	(-0.166663640315961,-0.259340617763839,-0.138975511210374)
130	(-0.166663951495353,-0.259346855739426,-0.13897551120817)
131	(-0.165174162870785,-0.237485573568252,-0.13844145968337)
132	(-0.155125039328033,-0.0449985335828085,-0.132292395537517)
133	(-0.162292690111146,-0.170319914918575,-0.136805628016414)
134	(-0.166664082882207,-0.259346893458977,-0.138975511029789)
135	(-0.166663280730887,-0.259344061139775,-0.138975511209902)
136	(-0.166663370627155,-0.259345845693661,-0.138975511028844)
137	(-0.166663405202643,-0.259344129873179,-0.138975511207068)
138	(-0.166595097868659,-0.258739778000554,-0.138966882714128)
139	(-0.154896951749159,-0.0215487671059453,-0.133351088168554)
140	(-0.157853218204321,-0.240500678364302,-0.133930385996747)
141	(-0.166646069052988,-0.25909850769847,-0.13897331382727)
142	(-0.166664110542597,-0.259347217847119,-0.138975511027585)
143	(-0.166641346041334,-0.259104161440117,-0.13897331386978)
144	(-0.16666413128789,-0.259346750962894,-0.138975511029474)
145	(-0.154712602162535,-0.0212314258144452,-0.133354915298836)
146	(-0.148401268659157,-0.0656589518079341,-0.138373263952328)
147	(-0.160930595678656,-0.140968149281193,-0.138743210247447)
148	(-0.159576674891517,-0.127498956821921,-0.138747645190868)
149	(-0.162301237171766,-0.233528498415464,-0.135565923312581)
150	(-0.166662070588809,-0.259187110086462,-0.138975506222466)
151	(-0.166619107087488,-0.253405810137526,-0.138974488150313)
152	(-0.166663674891449,-0.259342141633715,-0.138975511209115)
153	(-0.166663716382035,-0.259344014199888,-0.138975511236825)
154	(-0.166635613425433,-0.258433670429669,-0.138975288881236)
155	(-0.155678371606907,-0.0468254238939204,-0.133419474858019)
156	(-0.166663398287546,-0.259343663827167,-0.13897551120817)
157	(-0.166663460523424,-0.259343255617799,-0.138975511205809)
158	(-0.166663999901036,-0.259345130698609,-0.138975511030104)
159	(-0.166663370627155,-0.259343767765486,-0.138975511209115)
160	(-0.166663806278303,-0.259341203674204,-0.138975511208013)
161	(-0.16666415894828,-0.259346867474398,-0.138975511030104)
162	(-0.166661233862,-0.259140160141746,-0.138975494490074)
163	(-0.154290476945314,-0.0218877610963649,-0.133354914126998)
164	(-0.153734537674649,-0.22759734790921,-0.130650494692561)
165	(-0.147025620635393,-0.0520083844667214,-0.138071632584153)
166	(-0.166664089797305,-0.259346324312858,-0.138975511029159)
167	(-0.166664034476524,-0.259347119776286,-0.13897551105498)
168	(-0.166663896174572,-0.259346082907729,-0.13897551102664)
169	(-0.166663861599084,-0.259346574938321,-0.138975511026325)
170	(-0.165666773677731,-0.252168374990879,-0.138569208311473)
171	(-0.141659207557158,0.157123367320387,-0.1386495363082)
172	(-0.166618892719463,-0.253387624284485,-0.138974512783472)
173	(-0.164429911662578,-0.176325949631087,-0.138935703155634)
174	(-0.166663716382035,-0.259344103050387,-0.138975511208643)
175	(-0.166663218495008,-0.259345554834009,-0.138975511210532)
176	(-0.154366708981134,-0.020297716877673,-0.133157419258052)
177	(-0.166569837017167,-0.257117361186439,-0.138914862433355)
178	(-0.155390904085036,-0.0586471512423208,-0.133179777966314)
179	(-0.132165774341558,-0.0269698738383707,-0.0742689378198584)
180	(-0.166663287645984,-0.259340677276909,-0.138975511209272)
181	(-0.166663972240645,-0.25934926811429,-0.138975511030104)
182	(-0.166654083651093,-0.259336118240465,-0.138975511028844)
183	(-0.166663017957178,-0.259342414052697,-0.138975511208013)
184	(-0.166372694500003,-0.259351370350621,-0.138947651452989)
185	(-0.166663951495353,-0.259346763536078,-0.138975511030419)
186	(-0.166663854683987,-0.259346986500538,-0.138975511030104)
187	(0.30533579855745,0.6080611472897,0.162610276671161)
188	(-0.166663709466937,-0.259344934556942,-0.13897551120943)
189	(-0.142168511409683,-0.138662491410049,-0.135973858708063)
190	(-0.166663232325203,-0.25934382141107,-0.138975511207698)
191	(-0.166663827023596,-0.259345813003383,-0.138975511030419)
192	(-0.166663170089325,-0.259343719149175,-0.138975511206596)
193	(-0.166663889259474,-0.259346937884227,-0.138975511028529)
194	(-0.166663045617569,-0.259340507958034,-0.13897551120943)
195	(-0.166663661061254,-0.259345825576567,-0.13897551102727)
196	(-0.130855923471353,-0.160112765423299,-0.119444128141271)
197	(-0.147692685524313,-0.00818757578083585,-0.133162565031813)
198	(-0.166663778617913,-0.259346117274431,-0.1389755110279)
199	(-0.166663896174572,-0.25934706193964,-0.138975511027585)
200	(-0.161307399346279,-0.258427367911738,-0.0841084741671702)
201	(-0.166663896174572,-0.259346450044696,-0.138975511027585)
202	(-0.166641256145066,-0.258965477546434,-0.138972232974326)
203	(-0.163681255537206,-0.228791888382022,-0.136788538737191)
204	(-0.156147381185782,-0.146104415564016,-0.114651562277859)
205	(-0.16268827518382,-0.232500462939225,-0.136870061182251)
206	(-0.152857482017245,-0.0171417781735103,-0.133152019516314)
207	(-0.138882705978919,-0.0334355740918809,-0.104479240593652)
208	(-0.1099599092374,5.0780356702631,-0.134922735482854)
209	(-0.130507264250917,-0.257236875165896,0.218284011822985)
210	(-0.166646069052988,-0.259228985494197,-0.138966138517815)
211	(-0.166660168936972,-0.259171214229296,-0.138975483804512)
212	(-0.166633137820496,-0.258651365048532,-0.13896665829574)
213	(-0.166660238087947,-0.259316553528268,-0.138975510258955)
214	(-0.143852856304916,-0.0375100333267914,-0.137030933579371)
215	(-0.144457747551413,-0.0436246508927693,-0.137268630028546)
216	(-0.137066483257566,0.0363130314243553,-0.136506244849247)
217	(-0.153035739402893,-0.0170890973716215,-0.133156437305211)
218	(0.556012912895655,6.83993497975632,1.13391450577658)
219	(-0.166661911541564,-0.259325924741256,-0.138952156272937)
220	(-0.152813799345775,-0.0173617435093671,-0.133156437405186)
221	(9.08223142872689,3.37882815036967,2.1086378830631)
222	(-0.166662132824687,-0.259328658989626,-0.138952156283328)
223	(-0.166553600368028,-0.258825605067775,-0.138648661733535)
224	(-0.166663294561082,-0.259340837375449,-0.138975523329286)
225	(-0.166609612658499,-0.252907093964085,-0.138974404848424)
226	(-0.152325648776775,-0.0390177994689411,-0.132099647744571)
227	(-0.159568017189336,-0.127171840299126,-0.138738871859981)
228	(-0.166663474353619,-0.259340756907073,-0.138970631401956)
229	(-0.162359538359538,-0.237386306605766,-0.135730922833025)
230	(-0.166610477045697,-0.252921050198097,-0.138974429734749)
231	(-0.166642265749314,-0.258939824898643,-0.138973029568785)
232	(-0.163917738044553,-0.0298942815540096,-0.138935875839651)
233	(-0.107414932041537,5.08128076122249,-0.134922401737161)
234	(-0.164706550141624,-0.258452756522669,-0.0583937494160469)
235	(-0.166660846616535,-0.25932141683576,-0.138975498500742)
236	(-0.166627128600691,-0.259238599788739,-0.137941579846735)
237	(-0.166663412117741,-0.259338564982032,-0.138970631419432)
238	(-0.166548780545008,-0.259026668717327,-0.135098195767657)
239	(-0.165476760626181,-0.258068855310795,-0.0906860806268293)
240	(-0.166413818585365,-0.258589111862714,-0.130166315626005)
241	(-0.166627460525376,-0.259227626752135,-0.137861078579836)
242	(-0.16662759191223,-0.258758786978027,-0.138949307608164)
243	(-0.166661067899658,-0.259135426757154,-0.138975494490389)
244	(-0.163593378477045,-0.206533720252963,-0.123388584490336)
245	(-0.162938698527907,-0.2204887355048,-0.125490148440617)
246	(-0.163877367704829,-0.0298014000924669,-0.138935767123377)
247	(-0.166081873155801,-0.257445479372876,-0.138842038228502)
248	(-0.16663071753634,-0.258841738977221,-0.13897504954919)
249	(-0.124682483928997,0.273941662877708,-0.134740746952244)
250	(-0.164543464480086,-0.25791685893011,-0.119455894149411)
251	(-0.145293741359334,-0.00172014126617419,-0.132902850428158)
252	(-0.150227331564378,-0.103944725628391,-0.138543869226398)
253	(-0.130272821697358,0.0456102126685002,-0.133450193999591)
254	(-0.158927457869474,-0.12610788491321,-0.138755290890386)
255	(-0.153586845020343,-0.0406292340261174,-0.133261441643279)
256	(-0.166093483604653,-0.245989381047446,-0.138924027941715)
257	(-0.166066895054424,-0.245866495778308,-0.138924035927784)
258	(-0.166595215425318,-0.25915548601458,-0.138975430622149)
259	(-0.166663584995181,-0.259343310101596,-0.138975511234148)
260	(-0.166663398287546,-0.259342932906082,-0.138975511209902)
261	(-0.166662575390933,-0.259344515450816,-0.138975511207855)
262	(-0.16665870985138,-0.2591695453487,-0.138975225106831)
263	(-0.159154694891345,-0.227570500808959,-0.133566833150798)
264	(-0.16666335679696,-0.259344379660431,-0.138975511209115)
265	(8.65515454523579,3.36081186096167,2.1083490708699)
266	(-0.151209185525743,-0.010185942525393,-0.132892056978947)
267	(-0.166565134750806,-0.257165477084398,-0.138917510972036)
268	(-0.162817829537149,-0.239786273413919,-0.137229175804168)
269	(-0.151854211998647,-0.0142357398793958,-0.1328976694843)
270	(-0.166663654146156,-0.259344276560324,-0.138975511210217)
271	(-0.166663910004767,-0.259347209464997,-0.138975511028844)
272	(-0.166663944580255,-0.259333275862715,-0.138975511028215)
273	(-0.166663163174228,-0.259341402330508,-0.138975511205809)
274	(-0.166664027561426,-0.259347439135154,-0.138975511027585)
275	(-0.166664172778476,-0.259347362857839,-0.138975511028844)
276	(-0.166663315306375,-0.259342497873923,-0.138975511208643)
277	(-0.166664214269061,-0.259333131690208,-0.138975511029159)
278	(-0.166663495098912,-0.259344687284328,-0.13897551120817)
279	(-0.165024603140131,-0.242888772734104,-0.138859908399587)
280	(-0.166664179693573,-0.259345765225285,-0.138975511056869)
281	(-0.166663467438522,-0.259345097170119,-0.138975511209272)
282	(-0.153515999845544,-0.0103387067085023,-0.132896605265536)
283	(-0.166662817419348,-0.259341771143899,-0.138975511209587)
284	(-0.166663239240301,-0.259346972250929,-0.138975511026955)
285	(-0.166663591910278,-0.259346178463926,-0.138975511207541)
286	(-0.161603870325211,-0.207415190963916,-0.132032525778766)
287	(-0.166664013731231,-0.259346480220337,-0.1389755110279)
288	(-0.166660134361484,-0.259138501319698,-0.138975494490074)
289	(-0.154103734734924,-0.0256649986484842,-0.13360809072268)
290	(-0.166664048306719,-0.259346735036862,-0.138975511028529)
291	(-0.166652437857867,-0.258961128901265,-0.138974081459556)
292	(-0.166664200438866,-0.25934568894797,-0.138975511030104)
293	(-0.166663992985938,-0.259347073674612,-0.138975511027585)
294	(-0.166658896559015,-0.259157976343184,-0.138975471518082)
295	(-0.166663827023596,-0.25934642573654,-0.138975511028529)
296	(-0.0525944378950624,0.6347266262247,0.0237424286455223)
297	(-0.163579465300696,-0.128253380539899,-0.138936729502446)
298	(-0.166644409429566,-0.258896423106395,-0.138972420983553)
299	(-0.166645011043057,-0.258946065388866,-0.138972962354438)
300	(-0.166656490105054,-0.25912471440456,-0.138974241655146)
301	(-0.154357574137219,-0.0115698954974398,-0.132896606609457)
302	(-0.166612032942655,-0.252227297959416,-0.138974293558453)
303	(-0.160010631840713,-0.243332731015694,-0.137320760081081)
304	(-0.166611237706432,-0.252389587586568,-0.138974346453327)
305	(-0.112995173767418,5.08484781621396,-0.134921724310265)
306	(-0.161843042805521,-0.155983342934535,-0.138726517461645)
307	(-0.16648980859277,-0.258917118566921,-0.138943092514688)
308	(-0.154646735858,-0.0381135469871638,-0.132156959104811)
309	(-0.148108642474485,-0.029428018444368,-0.132168271865762)
310	(-0.153793820806279,-0.0174063397540757,-0.132196330007462)
311	(-0.164349661955058,-0.22370773459318,-0.134557949989613)
312	(-0.160385727479231,-0.131738426520957,-0.13875149680899)
313	(0.000125837387178688,0.974706882327546,-0.00459878178260127)
314	(-0.166614930368545,-0.259108948470294,-0.138975460313592)
315	(-0.166652417112574,-0.258970015627571,-0.138933863816345)
316	(-0.166501356805743,-0.257529561282186,-0.138845094916165)
317	(3.05828323362507,4.19527604451971,2.26718111199966)
318	(-0.154587362830101,-0.0387992289182733,-0.132161688701485)
319	(-0.154757654023327,-0.0382859655711814,-0.132161687233342)
320	(-0.154746652103063,-0.0418453861254483,-0.132162859016694)
321	(-0.155751339716666,-0.0468590730866049,-0.133419475272248)
322	(-0.154719793864027,-0.0193762357812475,-0.133348677401515)
323	(-0.166661655682953,-0.259175162209007,-0.138975479891772)
324	(-0.161052149264075,-0.231741323439111,-0.1340329840673)
325	(-0.166582616117511,-0.257674775687533,-0.138928557783388)
326	(-0.164031740343405,-0.24261501093585,-0.137569027667963)
327	(-0.166662257296443,-0.259184679270928,-0.138975506222466)
328	(-0.166663667976352,-0.259339046954077,-0.138975512073627)
329	(8.61017439400566,3.37821686899635,2.1079554670632)
330	(-0.166642058296386,-0.258941202081374,-0.138973029570517)
331	(-0.166661213116708,-0.259131993439766,-0.138975494490074)
332	(-0.155122937138366,-0.0343969348126673,-0.13336505008583)
333	(-0.166291476678821,-0.229141681899109,-0.138916922598372)
334	(-0.154419858421203,-0.0385768679717974,-0.132161571079054)
335	(-0.152750291089518,-0.0175135563215692,-0.13219640346122)
336	(-0.166659823182092,-0.259171246081361,-0.138963782387269)
337	(-0.154942826506564,-0.0467586619643935,-0.133419359709154)
338	(-0.149471573633782,-0.085681114151225,-0.137989010203122)
339	(-0.166522261145755,-0.257395923426266,-0.13891151159452)
340	(-0.166612724452414,-0.253412898060337,-0.138974486050987)
341	(-0.153276170430964,-0.0418499795285947,-0.132162751599787)
342	(-0.166662630711713,-0.259340188599166,-0.138975512056151)
343	(-0.00624660483359259,-0.105670024614439,0.213210855635625)
344	(-0.0998505828550384,-0.0679334994313078,-0.101561663064663)
345	(-0.166256299577385,-0.228803055045657,-0.138678036141504)
346	(-0.166645405203619,-0.258811213801604,-0.138937295580016)
347	(-0.166539389842483,-0.257510275694669,-0.138918183372609)
348	(-0.166649201592195,-0.258852896420521,-0.138941694906993)
349	(-0.166626084420956,-0.2592081483758,-0.13895940505032)
350	(-0.166663225410106,-0.259343921158328,-0.138975511208643)
351	(-0.157084688088478,-0.0889648207109002,-0.138736021888128)
352	(-0.166663190834618,-0.259338215447522,-0.138975511207541)
353	(-0.166394096727041,-0.258639483389846,-0.138852276554616)
354	(-0.166663253070496,-0.259343766089062,-0.138975511207855)
355	(-0.166663833938694,-0.259341604339661,-0.1389755112088)
356	(-0.159730943803629,-0.116783009974438,-0.138889101667507)
357	(-0.166663024872276,-0.259340511310883,-0.138975511208013)
358	(-0.166663564249888,-0.259343725854873,-0.1389755112088)
359	(-0.166663626485766,-0.259344139093514,-0.1389755112088)
360	(-0.166663612655571,-0.259345302532121,-0.138975511209745)
361	(-0.166664124372792,-0.259347317594377,-0.138975511054665)
362	(-0.166664138202988,-0.259347198568238,-0.1389755110279)
363	(-0.154371431992788,-0.0553892549143399,-0.133321156547137)
364	(-0.0235032931027404,0.0451177369852827,0.254647903662522)
365	(-0.166664041391621,-0.259346676362004,-0.138975511028529)
366	(-0.166663764787718,-0.259348688071411,-0.1389755110279)
367	(-0.166663370627155,-0.259343538933541,-0.138975511208328)
368	(-0.166663239240301,-0.259343135753447,-0.1389755112088)
369	(-0.166663861599084,-0.259346928663892,-0.1389755110279)
370	(-0.166663875429279,-0.259345987351532,-0.13897551102727)
371	(-0.166664117457695,-0.259346598408264,-0.138975511029789)
372	(-0.166663100938349,-0.259340274096815,-0.138975511209902)
373	(-0.16662761957262,-0.259107926689557,-0.138967750584299)
374	(-0.166663336051667,-0.259343052770434,-0.13897551121006)
375	(-0.16666395841045,-0.259347205273936,-0.138975511028215)
376	(-0.166663508929107,-0.259344798766557,-0.13897551120817)
377	(-0.166663771702815,-0.259342723353019,-0.138975511209587)
378	(-0.166546809742196,-0.255928765314925,-0.138936547544803)
379	(-0.153385712491871,-0.0194279727561395,-0.133348553519205)
380	(-0.148692954390557,-0.0473093825024351,-0.133184144336195)
381	(-0.166663972240645,-0.259347011646905,-0.138975511028844)
382	(-0.166663847768889,-0.259346543086256,-0.1389755110279)
383	(-0.166663647231059,-0.259342933744294,-0.138975511209902)
384	(-0.166663861599084,-0.259347022543664,-0.138975511030419)
385	(-0.166663979155743,-0.259346263123363,-0.138975511029474)
386	(-0.159467215811781,-0.163784945642689,-0.129250312384345)
387	(-0.166663114768544,-0.259343355365058,-0.138975511210847)
388	(-0.113689663933376,4.73526060495569,-0.133604613268664)
389	(-0.166664193523768,-0.259345890118911,-0.138975511030104)
390	(-0.166663750957523,-0.259346952133835,-0.138975511028844)
391	(-0.160160564986637,-0.130226182648952,-0.138748445560147)
392	(-0.166579891569061,-0.258737995123092,-0.138869840699337)
393	(-0.166603886957695,-0.258640993848326,-0.138945338096812)
394	(-0.166664062136914,-0.259346621878207,-0.138975511029159)
395	(-0.166663986070841,-0.259347508706771,-0.138975511029474)
396	(-0.166663177004423,-0.259337007583666,-0.138975512106375)
397	(-0.166577277662173,-0.257130946930635,-0.138913504917854)
398	(-0.155002870298929,-0.0407425997186989,-0.1332613229493)
399	(-0.166659235398797,-0.259170518513126,-0.138975402012172)
400	(-0.166653938434044,-0.258990790718262,-0.138974771401802)
401	(-0.166613436707465,-0.258724354895099,-0.138948971853044)
402	(0.713007376147145,-0.0256620364063821,0.40636429171992)
403	(-0.166633082499716,-0.258712979516613,-0.138961185228086)
404	(-0.155334808813395,-0.0558986222508798,-0.133178727967205)
405	(-0.166651200055399,-0.259308638289963,-0.138973040054082)
406	(-0.164582244347365,-0.246748943006535,-0.137876922640369)
407	(-0.154831368963625,-0.0584665558977751,-0.133179674538978)
408	(-0.161750989026416,-0.236933589844345,-0.134627678837408)
409	(-0.166616742124113,-0.253885907940403,-0.138974571000345)
410	(-0.153687293727921,-0.0221762393871452,-0.133254084035162)
411	(-0.1643721982581,-0.208040937366087,-0.13867551435545)
412	(-0.166596999520496,-0.258696355252999,-0.138942901444796)
413	(-0.166595187764928,-0.259078496219142,-0.138971293373281)
414	(-0.16666020351246,-0.259134829111817,-0.138975494515895)
415	(-0.16661087120626,-0.252584274955512,-0.138974370280069)
416	(-0.166587830101093,-0.25905434229486,-0.138917542349049)
417	(-0.165131026492026,-0.256416516833885,-0.138726201221257)
418	(-0.154195560315807,-0.066877201114322,-0.132559505014618)
419	(-0.153123651038542,-0.043184198014822,-0.131967294328648)
420	(-0.147938537988894,-0.0146360373611508,-0.133612269324062)
421	(-0.160236250729748,-0.151501437105564,-0.138751120398822)
422	(-0.166563585768946,-0.259066554209174,-0.138903194170956)
423	(-0.163522526387148,-0.184284045728663,-0.135935767917732)
424	(-0.159908689472056,-0.128932174042713,-0.138755990604088)
425	(-0.166661074814756,-0.259173836995435,-0.138975486551395)
426	(-0.166649630328246,-0.258938457774458,-0.138973029571147)
427	(-0.143310159446134,-0.0380511739369936,-0.13225485762296)
428	(-0.166512918848912,-0.258463151192819,-0.138848977280746)
429	(-0.164141482942142,-0.231148994044831,-0.137800547766738)
430	(-0.161355507680206,-0.235756699606945,-0.134746449762175)
431	(0.657648313455149,0.733188767481063,0.202337055719705)
432	(0.595989845803116,0.480554860101745,0.13280776537011)
433	(-0.16660969563967,-0.259113707839466,-0.138920169305791)
434	(-0.166622702938235,-0.258920199835163,-0.138954019539101)
435	(-0.166632225027615,-0.258908757399697,-0.138951840604534)
436	(-0.166635993755801,-0.258937211352838,-0.138962656348422)
437	(-0.166647168553504,-0.25901502846377,-0.138971810373306)
438	(-0.166220437881289,-0.255081553176965,-0.138859803752235)
439	(0.26307473285028,0.561921750470456,1.13067054940957)
440	(-0.166661040239268,-0.259136518109507,-0.138975494489445)
441	(-0.134088600207341,0.00619310125553214,-0.114744454772782)
442	(-0.166610276507867,-0.259114915703323,-0.138909149741758)
443	(-0.166650314922907,-0.259090128928789,-0.138972380380933)
444	(-0.166637528907465,-0.258999030344709,-0.138951844997312)
445	(-0.166638759794836,-0.259015678916478,-0.138953475858389)
446	(-0.166638898096788,-0.258988613881041,-0.138962666148061)
447	(-0.164437601251097,-0.209990557877071,-0.138533178440303)
448	(-0.154124397046519,-0.0449545911436572,-0.133160942020145)
449	(-0.153456640647841,-0.023102409442914,-0.133607091506522)
450	(-0.153532098192732,-0.0258239890722087,-0.133607969717931)
451	(-0.154013596437851,-0.066877611838326,-0.132564228597967)
452	(-0.153099233828955,-0.0192889393279466,-0.13334855199454)
453	(-0.166170974188235,-0.229928669324904,-0.138931468826531)
454	(0.638434092445418,0.691912185284921,0.111115427820848)
455	(-0.166659512002701,-0.25915793778542,-0.138974345911728)
456	(-0.166658716766478,-0.259150853215458,-0.138970568044929)
457	(-0.166653184688407,-0.25913553321011,-0.138961505072628)
458	(-0.166638586917396,-0.259154052671628,-0.13896747989303)
459	(-0.166656669897592,-0.259151319261471,-0.138966799419954)
460	(-0.166609771705743,-0.259118448767969,-0.138975460309498)
461	(-0.166650923451495,-0.258973848772204,-0.138933863815401)
462	(-0.153901786224935,-0.250099116445024,-0.131030974076469)
463	(-0.160711781245649,-0.158419723359383,-0.134576827939947)
464	(-0.166660452455973,-0.259133248243508,-0.138975494490074)
465	(-0.166661427484733,-0.259174584680765,-0.138975479890513)
466	(2.88717042999421,4.19127263383179,2.26681736105027)
467	(-0.166662561560737,-0.259182733780289,-0.138975506222152)
468	(-0.165849795565618,-0.258209300288422,-0.138539135764375)
469	(-0.16661674903921,-0.259329320339093,-0.138904228856506)
470	(8.3472098773371,3.37712832884506,2.10733943687618)
471	(-0.16664933297905,-0.258936979168044,-0.138973029568943)
472	(-0.152375852385271,-0.221597505070611,-0.12897745989554)
473	(-0.165141267751555,-0.214910135395734,-0.138778868562374)
474	(-0.162419768859538,-0.255352857336893,-0.138140385391512)
475	(-0.166656697557982,-0.259090338481853,-0.138973856505236)
476	(-0.164481954687032,-0.138082169406293,-0.138781811920409)
477	(-0.166657499709302,-0.259100625022621,-0.138972980110547)
478	(-0.166662312617224,-0.259175133709791,-0.138975486551081)
479	(-0.166066549299544,-0.250344761251464,-0.138751408750631)
480	(-0.166655473585709,-0.25930849579388,-0.138971758746624)
481	(-0.166661538126294,-0.259160131386886,-0.138974605430781)
482	(-0.166168726781519,-0.250331384222119,-0.13875136648039)
483	(-0.166655286878074,-0.259307455572474,-0.138971758897453)
484	(-0.166569871592655,-0.257690610355204,-0.13893344629203)
485	(-0.159491487804319,-0.167022355224994,-0.13251699865941)
486	(-0.16663929225735,-0.258758684716133,-0.138950884293107)
487	(-0.166460198144894,-0.259348314228746,-0.138950473549803)
488	(-0.166575749425605,-0.257693398249158,-0.13893344923115)
489	(-0.166654263443631,-0.2593052887938,-0.138971758524316)
490	(-0.166181298428936,-0.250310667806286,-0.138751411794923)
491	(-0.166175883907523,-0.250322944262943,-0.138751391308934)
492	(-0.166266872761599,-0.245988205035655,-0.138917060718914)
493	(-0.166179403692196,-0.250338183799915,-0.138751386965119)
494	(-0.166577146275318,-0.257705595075651,-0.138933441310577)
495	(-0.166654858142023,-0.259310972711087,-0.138971758928626)
496	(-0.16490730233973,-0.137600055702947,-0.138781772427438)
497	(-0.166654602283412,-0.259306121138567,-0.138971758730565)
498	(-0.166654519302241,-0.259308752286829,-0.138971758691834)
499	(-0.166087930781289,-0.248711701656373,-0.138712505007341)
500	(-0.165442807497019,-0.237476016272143,-0.138438942503271)
-999
