TP100.in
100  3  999
1	( -83 , 12 )
2	( -70 , -57 )
3	( -148 , -68 )
4	( 109 , -53 )
5	( -163 , -80 )
6	( 114 , -51 )
7	( -48 , -76 )
8	( -81 , -70 )
9	( -175 , -57 )
10	( 125 , -65 )
11	( -22 , 81 )
12	( -172 , 29 )
13	( 49 , 53 )
14	( 165 , -76 )
15	( -143 , -66 )
16	( 47 , 87 )
17	( 36 , -39 )
18	( -165 , 72 )
19	( -27 , -83 )
20	( -141 , -16 )
21	( 3 , 24 )
22	( -23 , -50 )
23	( 176 , -48 )
24	( 148 , -29 )
25	( -141 , 28 )
26	( 50 , -25 )
27	( 146 , 63 )
28	( -102 , -32 )
29	( 15 , 26 )
30	( 19 , -37 )
31	( -121 , 40 )
32	( -144 , 75 )
33	( -27 , 61 )
34	( 43 , -76 )
35	( -168 , -22 )
36	( 69 , 86 )
37	( -152 , -12 )
38	( 47 , 56 )
39	( 5 , 54 )
40	( 63 , -18 )
41	( 138 , 21 )
42	( 169 , -9 )
43	( -2 , -42 )
44	( -153 , 45 )
45	( -155 , 40 )
46	( -53 , 50 )
47	( -4 , 56 )
48	( -91 , 52 )
49	( 11 , 4 )
50	( 108 , -63 )
51	( 42 , 60 )
52	( -70 , 42 )
53	( 166 , 30 )
54	( -79 , -6 )
55	( -101 , -16 )
56	( 111 , 44 )
57	( 170 , -63 )
58	( -31 , 9 )
59	( 92 , 27 )
60	( -28 , -62 )
61	( 93 , 67 )
62	( -177 , -34 )
63	( -171 , 75 )
64	( -5 , -42 )
65	( -113 , 63 )
66	( -81 , 89 )
67	( -180 , 4 )
68	( 103 , -81 )
69	( -68 , -47 )
70	( -3 , 60 )
71	( 176 , 20 )
72	( 11 , 29 )
73	( 150 , 20 )
74	( 111 , -29 )
75	( -37 , 36 )
76	( -170 , 69 )
77	( -145 , 26 )
78	( -38 , 44 )
79	( 116 , 89 )
80	( 74 , -82 )
81	( -117 , -88 )
82	( -78 , -23 )
83	( -132 , 57 )
84	( 88 , -9 )
85	( -48 , -25 )
86	( -95 , 3 )
87	( -123 , 17 )
88	( -120 , -63 )
89	( -57 , -27 )
90	( -37 , -16 )
91	( -143 , -63 )
92	( 134 , -3 )
93	( 114 , -19 )
94	( 143 , -26 )
95	( -134 , -83 )
96	( -97 , -33 )
97	( 12 , -10 )
98	( 56 , 86 )
99	( -63 , -62 )
100	( 9 , -72 )
-999
