TP150.in
150  4  999
1	( 112 , 76 )
2	( 61 , 6 )
3	( -140 , 2 )
4	( -11 , 80 )
5	( -77 , -15 )
6	( -169 , -55 )
7	( -150 , 59 )
8	( 83 , 53 )
9	( -50 , 23 )
10	( -42 , 43 )
11	( 157 , -2 )
12	( -3 , 23 )
13	( 73 , -35 )
14	( 84 , -40 )
15	( 110 , -28 )
16	( -121 , 0 )
17	( -78 , 36 )
18	( -59 , 74 )
19	( -151 , -37 )
20	( -100 , -89 )
21	( 77 , -52 )
22	( 42 , 75 )
23	( -107 , 10 )
24	( 22 , 87 )
25	( 101 , 1 )
26	( -6 , 73 )
27	( -19 , -86 )
28	( -118 , -32 )
29	( -26 , -84 )
30	( 121 , 55 )
31	( 99 , -56 )
32	( -130 , 80 )
33	( -90 , 6 )
34	( 149 , -21 )
35	( -4 , 59 )
36	( 76 , -79 )
37	( -34 , -23 )
38	( -172 , 41 )
39	( 134 , 14 )
40	( -27 , -64 )
41	( 88 , 46 )
42	( 0 , -37 )
43	( 131 , -43 )
44	( -162 , -44 )
45	( 10 , -88 )
46	( -8 , -82 )
47	( -14 , -15 )
48	( -96 , 4 )
49	( -155 , 32 )
50	( 58 , 31 )
51	( 52 , -59 )
52	( -3 , 83 )
53	( 107 , -15 )
54	( -1 , -77 )
55	( -179 , -10 )
56	( -17 , 63 )
57	( 41 , 34 )
58	( -158 , -87 )
59	( 69 , 62 )
60	( -153 , 89 )
61	( -6 , 28 )
62	( 129 , -4 )
63	( -56 , 30 )
64	( 37 , 89 )
65	( -130 , 0 )
66	( 56 , -55 )
67	( 151 , 46 )
68	( 0 , 12 )
69	( -86 , 8 )
70	( -1 , -10 )
71	( 95 , 86 )
72	( -90 , -76 )
73	( 22 , 24 )
74	( -25 , 49 )
75	( -53 , -52 )
76	( 120 , -49 )
77	( 36 , 31 )
78	( -113 , 88 )
79	( -66 , -88 )
80	( 41 , -67 )
81	( 114 , 1 )
82	( 157 , 1 )
83	( 105 , -44 )
84	( 155 , 65 )
85	( -113 , -1 )
86	( 94 , -64 )
87	( -56 , 24 )
88	( -98 , 1 )
89	( -34 , 50 )
90	( 150 , 39 )
91	( -95 , 60 )
92	( 50 , 77 )
93	( 60 , -13 )
94	( 35 , -45 )
95	( 24 , 3 )
96	( -89 , -46 )
97	( 155 , -24 )
98	( 46 , -44 )
99	( -165 , 44 )
100	( -76 , -36 )
101	( 72 , 13 )
102	( 31 , 65 )
103	( -17 , 33 )
104	( 139 , 84 )
105	( -21 , 33 )
106	( 29 , 7 )
107	( -144 , 72 )
108	( 143 , 88 )
109	( 133 , -89 )
110	( 123 , -24 )
111	( 58 , 33 )
112	( -75 , 31 )
113	( -93 , 3 )
114	( -101 , 86 )
115	( -178 , 85 )
116	( -14 , 29 )
117	( -5 , 20 )
118	( -175 , 30 )
119	( -92 , 50 )
120	( -9 , 87 )
121	( 15 , 24 )
122	( 112 , 70 )
123	( 156 , 38 )
124	( -129 , -85 )
125	( -10 , 26 )
126	( -40 , -84 )
127	( 146 , 77 )
128	( 52 , -87 )
129	( -79 , 74 )
130	( 43 , 79 )
131	( -12 , 74 )
132	( 166 , -5 )
133	( -101 , 76 )
134	( -162 , -2 )
135	( 138 , -49 )
136	( 86 , -74 )
137	( 12 , 65 )
138	( 117 , -85 )
139	( 134 , -17 )
140	( 87 , 5 )
141	( -47 , -57 )
142	( 2 , -25 )
143	( 30 , -13 )
144	( 93 , 11 )
145	( 169 , 89 )
146	( -42 , -30 )
147	( -123 , 7 )
148	( 6 , 24 )
149	( 62 , -29 )
150	( 60 , -88 )
-999
