TP200.in
200  4  999
1	( -44 , -65 )
2	( -19 , 36 )
3	( -18 , 47 )
4	( 55 , -43 )
5	( -80 , -32 )
6	( 64 , 20 )
7	( 37 , 69 )
8	( -64 , -15 )
9	( -98 , 49 )
10	( 34 , 77 )
11	( -129 , 65 )
12	( -84 , -16 )
13	( 60 , -30 )
14	( -144 , -86 )
15	( 87 , -63 )
16	( -148 , 53 )
17	( 77 , -44 )
18	( 141 , 70 )
19	( 133 , -90 )
20	( 166 , -45 )
21	( 129 , -72 )
22	( -24 , -15 )
23	( -54 , 4 )
24	( -2 , -4 )
25	( -3 , 53 )
26	( 6 , 48 )
27	( 40 , 53 )
28	( -90 , 3 )
29	( 135 , -84 )
30	( -169 , -70 )
31	( 58 , 23 )
32	( 8 , -68 )
33	( -95 , 69 )
34	( 143 , -28 )
35	( 178 , -12 )
36	( 18 , -49 )
37	( 112 , -28 )
38	( -157 , -83 )
39	( -27 , 64 )
40	( -158 , -65 )
41	( 124 , 22 )
42	( 12 , 81 )
43	( 50 , -32 )
44	( -114 , 76 )
45	( -179 , -23 )
46	( -176 , 60 )
47	( 169 , 63 )
48	( 32 , -49 )
49	( 29 , -35 )
50	( -116 , -6 )
51	( 46 , -64 )
52	( -5 , -80 )
53	( -94 , -38 )
54	( 165 , -42 )
55	( 82 , -53 )
56	( -146 , -86 )
57	( 170 , 71 )
58	( -82 , -84 )
59	( -147 , 13 )
60	( -5 , 75 )
61	( 71 , 86 )
62	( -56 , 22 )
63	( -28 , 39 )
64	( -88 , 84 )
65	( 92 , 61 )
66	( -14 , -69 )
67	( 62 , 17 )
68	( 5 , 35 )
69	( -132 , -4 )
70	( 76 , -28 )
71	( -48 , 76 )
72	( -111 , 53 )
73	( -81 , 89 )
74	( 131 , -76 )
75	( 26 , 9 )
76	( -130 , -89 )
77	( 116 , -43 )
78	( 97 , 28 )
79	( 110 , 66 )
80	( 48 , 5 )
81	( -169 , 89 )
82	( 3 , 71 )
83	( 90 , 86 )
84	( -54 , -22 )
85	( -44 , 14 )
86	( 145 , 21 )
87	( 131 , -65 )
88	( 17 , 50 )
89	( 102 , 9 )
90	( -56 , -12 )
91	( 127 , -58 )
92	( -39 , -54 )
93	( 71 , -9 )
94	( -74 , -17 )
95	( 118 , 65 )
96	( 141 , -42 )
97	( 124 , -57 )
98	( -67 , -23 )
99	( -32 , -36 )
100	( -164 , -36 )
101	( 50 , -2 )
102	( 72 , 90 )
103	( 54 , 4 )
104	( -127 , 33 )
105	( 78 , 89 )
106	( 133 , -45 )
107	( 7 , -54 )
108	( 62 , 64 )
109	( 35 , -35 )
110	( -110 , -37 )
111	( 66 , 80 )
112	( 18 , 3 )
113	( 68 , 24 )
114	( 98 , 32 )
115	( 117 , -59 )
116	( -48 , -3 )
117	( 2 , -82 )
118	( 106 , -24 )
119	( -8 , -18 )
120	( 20 , -59 )
121	( -71 , 21 )
122	( 69 , 61 )
123	( 178 , 25 )
124	( 91 , 26 )
125	( 4 , -7 )
126	( 100 , -71 )
127	( -142 , 45 )
128	( 42 , 35 )
129	( 158 , -57 )
130	( -69 , -87 )
131	( 92 , -5 )
132	( 129 , 8 )
133	( 44 , -20 )
134	( 90 , -5 )
135	( -34 , -35 )
136	( -45 , -54 )
137	( 90 , -87 )
138	( 177 , -78 )
139	( -90 , 39 )
140	( 9 , -82 )
141	( 137 , -67 )
142	( -120 , -25 )
143	( -38 , -43 )
144	( -45 , 46 )
145	( -25 , -73 )
146	( -26 , -37 )
147	( -148 , 7 )
148	( -29 , 61 )
149	( 93 , -64 )
150	( -104 , 19 )
151	( 140 , -40 )
152	( -95 , -54 )
153	( -150 , 14 )
154	( -53 , -75 )
155	( 93 , 8 )
156	( -20 , -50 )
157	( 58 , -44 )
158	( -131 , 23 )
159	( -71 , -1 )
160	( -126 , -25 )
161	( -176 , 89 )
162	( -166 , -35 )
163	( 137 , -76 )
164	( -141 , -52 )
165	( 37 , -62 )
166	( -68 , -71 )
167	( 0 , 76 )
168	( -122 , 18 )
169	( 141 , 84 )
170	( -80 , 57 )
171	( 147 , -38 )
172	( 180 , 70 )
173	( 56 , -54 )
174	( 48 , 60 )
175	( -37 , 53 )
176	( 11 , -43 )
177	( 179 , 64 )
178	( 33 , 71 )
179	( -95 , 77 )
180	( -63 , -90 )
181	( -12 , -65 )
182	( -6 , 18 )
183	( -96 , -29 )
184	( 81 , 44 )
185	( -146 , 7 )
186	( 85 , -29 )
187	( -102 , -30 )
188	( -17 , 40 )
189	( 179 , -62 )
190	( 56 , 32 )
191	( -19 , -40 )
192	( 114 , 56 )
193	( 45 , -81 )
194	( -141 , 27 )
195	( -63 , -42 )
196	( -49 , 84 )
197	( 50 , -41 )
198	( -55 , 49 )
199	( 110 , -19 )
200	( 54 , -33 )
-999
