TP300.in
300  4  999
1	( 15 , 33 )
2	( 117 , 44 )
3	( 135 , -28 )
4	( -40 , -65 )
5	( -139 , 43 )
6	( -26 , -13 )
7	( -135 , -49 )
8	( -175 , -34 )
9	( -129 , -14 )
10	( -176 , -28 )
11	( -69 , -23 )
12	( 173 , 16 )
13	( -177 , -10 )
14	( 78 , -18 )
15	( -87 , -59 )
16	( -8 , 26 )
17	( 109 , -39 )
18	( -96 , -53 )
19	( -14 , -28 )
20	( 99 , -27 )
21	( 102 , -90 )
22	( 129 , 51 )
23	( -29 , 52 )
24	( -146 , 72 )
25	( 147 , 36 )
26	( 56 , 60 )
27	( -59 , -57 )
28	( 151 , -60 )
29	( 72 , -48 )
30	( 85 , -13 )
31	( 47 , 89 )
32	( 137 , 80 )
33	( -86 , 52 )
34	( 47 , 61 )
35	( 177 , 55 )
36	( 127 , 54 )
37	( 53 , 29 )
38	( 22 , -35 )
39	( 5 , -55 )
40	( -120 , -50 )
41	( -55 , 57 )
42	( -3 , 11 )
43	( 6 , 27 )
44	( -69 , 21 )
45	( -48 , -78 )
46	( 3 , -50 )
47	( 39 , -28 )
48	( 79 , 52 )
49	( -136 , 75 )
50	( 7 , 24 )
51	( -124 , -44 )
52	( 147 , -72 )
53	( 125 , 64 )
54	( -115 , 31 )
55	( 44 , 21 )
56	( 55 , 0 )
57	( -155 , 2 )
58	( -151 , 57 )
59	( 0 , -33 )
60	( -26 , 21 )
61	( -142 , 50 )
62	( -143 , 87 )
63	( -157 , 75 )
64	( -165 , 62 )
65	( -105 , 81 )
66	( -166 , 74 )
67	( -126 , 71 )
68	( -175 , 53 )
69	( -108 , 66 )
70	( -123 , 77 )
71	( -143 , 76 )
72	( -101 , 80 )
73	( -147 , 50 )
74	( -168 , 53 )
75	( -159 , 87 )
76	( -157 , 83 )
77	( -142 , 87 )
78	( -168 , 56 )
79	( -118 , 90 )
80	( -116 , 58 )
81	( -127 , 86 )
82	( -122 , 84 )
83	( -146 , 52 )
84	( -115 , 72 )
85	( -145 , 90 )
86	( -108 , 54 )
87	( -132 , 81 )
88	( -169 , 84 )
89	( -179 , 79 )
90	( -140 , 61 )
91	( -142 , 53 )
92	( -177 , 51 )
93	( -142 , 65 )
94	( -171 , 81 )
95	( -151 , 87 )
96	( -156 , 87 )
97	( -133 , 70 )
98	( -101 , 74 )
99	( -108 , 55 )
100	( -155 , 64 )
101	( -166 , 75 )
102	( -128 , 61 )
103	( -180 , 57 )
104	( -164 , 79 )
105	( -120 , 63 )
106	( -170 , 52 )
107	( -143 , 71 )
108	( -121 , 73 )
109	( -113 , 78 )
110	( -151 , 52 )
111	( -106 , 52 )
112	( -167 , 71 )
113	( -125 , 90 )
114	( -139 , 54 )
115	( -119 , 73 )
116	( -105 , 85 )
117	( -149 , 56 )
118	( -172 , 85 )
119	( -145 , 81 )
120	( -178 , 62 )
121	( 113 , 66 )
122	( 100 , 52 )
123	( 163 , 59 )
124	( 136 , 53 )
125	( 161 , 67 )
126	( 160 , 58 )
127	( 162 , 60 )
128	( 134 , 55 )
129	( 136 , 55 )
130	( 147 , 50 )
131	( 153 , 54 )
132	( 176 , 58 )
133	( 130 , 60 )
134	( 153 , 63 )
135	( 133 , 86 )
136	( 110 , 53 )
137	( 153 , 52 )
138	( 171 , 72 )
139	( 103 , 54 )
140	( 159 , 68 )
141	( 142 , 68 )
142	( 128 , 64 )
143	( 166 , 79 )
144	( 107 , 55 )
145	( 158 , 89 )
146	( 133 , 62 )
147	( 114 , 50 )
148	( 151 , 52 )
149	( 136 , 83 )
150	( 154 , 71 )
151	( 146 , 55 )
152	( 154 , 85 )
153	( 123 , 77 )
154	( 144 , 78 )
155	( 130 , 86 )
156	( 107 , 63 )
157	( 131 , 55 )
158	( 140 , 58 )
159	( 160 , 74 )
160	( 130 , 76 )
161	( 113 , 71 )
162	( 148 , 67 )
163	( 138 , 83 )
164	( 172 , 76 )
165	( 134 , 83 )
166	( 107 , 59 )
167	( 134 , 58 )
168	( 171 , 66 )
169	( 162 , 69 )
170	( 104 , 55 )
171	( 114 , 65 )
172	( 161 , 84 )
173	( 171 , 52 )
174	( 175 , 51 )
175	( 141 , 67 )
176	( 126 , 84 )
177	( 135 , 51 )
178	( 128 , 51 )
179	( 142 , 59 )
180	( 132 , 69 )
181	( -118 , -55 )
182	( -158 , -68 )
183	( -117 , -56 )
184	( -108 , -84 )
185	( -160 , -86 )
186	( -145 , -80 )
187	( -137 , -81 )
188	( -143 , -59 )
189	( -119 , -60 )
190	( -136 , -74 )
191	( -109 , -57 )
192	( -170 , -90 )
193	( -141 , -80 )
194	( -117 , -74 )
195	( -112 , -57 )
196	( -111 , -69 )
197	( -174 , -68 )
198	( -152 , -79 )
199	( -172 , -83 )
200	( -176 , -90 )
201	( -168 , -60 )
202	( -117 , -74 )
203	( -102 , -88 )
204	( -157 , -83 )
205	( -135 , -68 )
206	( -159 , -60 )
207	( -127 , -51 )
208	( -133 , -53 )
209	( -120 , -80 )
210	( -174 , -69 )
211	( -174 , -70 )
212	( -155 , -74 )
213	( -162 , -54 )
214	( -165 , -51 )
215	( -110 , -83 )
216	( -127 , -67 )
217	( -124 , -69 )
218	( -161 , -85 )
219	( -177 , -62 )
220	( -178 , -73 )
221	( -104 , -67 )
222	( -114 , -79 )
223	( -135 , -86 )
224	( -111 , -87 )
225	( -102 , -74 )
226	( -138 , -57 )
227	( -171 , -70 )
228	( -106 , -65 )
229	( -145 , -76 )
230	( -166 , -87 )
231	( -112 , -78 )
232	( -155 , -75 )
233	( -108 , -63 )
234	( -176 , -85 )
235	( -120 , -72 )
236	( -109 , -89 )
237	( -162 , -65 )
238	( -134 , -71 )
239	( -127 , -89 )
240	( -112 , -85 )
241	( 102 , -86 )
242	( 180 , -72 )
243	( 152 , -57 )
244	( 137 , -83 )
245	( 149 , -67 )
246	( 156 , -63 )
247	( 143 , -52 )
248	( 147 , -65 )
249	( 122 , -73 )
250	( 131 , -55 )
251	( 103 , -61 )
252	( 126 , -69 )
253	( 142 , -71 )
254	( 149 , -72 )
255	( 175 , -72 )
256	( 179 , -74 )
257	( 141 , -88 )
258	( 103 , -61 )
259	( 126 , -56 )
260	( 160 , -88 )
261	( 118 , -56 )
262	( 141 , -84 )
263	( 161 , -82 )
264	( 139 , -79 )
265	( 104 , -53 )
266	( 115 , -81 )
267	( 152 , -51 )
268	( 106 , -79 )
269	( 163 , -72 )
270	( 175 , -84 )
271	( 118 , -51 )
272	( 121 , -84 )
273	( 150 , -79 )
274	( 113 , -71 )
275	( 173 , -57 )
276	( 124 , -74 )
277	( 156 , -78 )
278	( 153 , -83 )
279	( 118 , -83 )
280	( 161 , -78 )
281	( 100 , -77 )
282	( 133 , -51 )
283	( 121 , -61 )
284	( 162 , -69 )
285	( 178 , -60 )
286	( 177 , -56 )
287	( 175 , -67 )
288	( 168 , -81 )
289	( 148 , -76 )
290	( 143 , -71 )
291	( 103 , -90 )
292	( 129 , -82 )
293	( 151 , -59 )
294	( 142 , -77 )
295	( 126 , -55 )
296	( 104 , -66 )
297	( 157 , -66 )
298	( 112 , -55 )
299	( 147 , -80 )
300	( 171 , -56 )
-999
[-180,-100],[50,90]
[-180,-100],[-90,50]
[100,180],[50,90]
[100,180],[-90,-50]