TP300.in
300  3  999
1	( -75 , 55 )
2	( 38 , -19 )
3	( 122 , -37 )
4	( 110 , -83 )
5	( 62 , -71 )
6	( 101 , -21 )
7	( -173 , 0 )
8	( 171 , -79 )
9	( 163 , -61 )
10	( -163 , 53 )
11	( 69 , 27 )
12	( -12 , -85 )
13	( 123 , 86 )
14	( -153 , 45 )
15	( 159 , -77 )
16	( 140 , 53 )
17	( 102 , 9 )
18	( -88 , 29 )
19	( -162 , 51 )
20	( 19 , 65 )
21	( -19 , -1 )
22	( -4 , 7 )
23	( 98 , -41 )
24	( 101 , 37 )
25	( 25 , -89 )
26	( 128 , 22 )
27	( 75 , -83 )
28	( -46 , 26 )
29	( -58 , 14 )
30	( 20 , 66 )
31	( -101 , -81 )
32	( -144 , 18 )
33	( -100 , 89 )
34	( 36 , -5 )
35	( -93 , -33 )
36	( -177 , -60 )
37	( 40 , -57 )
38	( -55 , -54 )
39	( -123 , 77 )
40	( -88 , 12 )
41	( -111 , -24 )
42	( -115 , 79 )
43	( -101 , -43 )
44	( -151 , 44 )
45	( -117 , 21 )
46	( -66 , -5 )
47	( -99 , 34 )
48	( 51 , -20 )
49	( -39 , 71 )
50	( -66 , 51 )
51	( 62 , -34 )
52	( -13 , -45 )
53	( 179 , 33 )
54	( -176 , 4 )
55	( 71 , -59 )
56	( -7 , -16 )
57	( -65 , 88 )
58	( 61 , 64 )
59	( 135 , -60 )
60	( -43 , 83 )
61	( 147 , 65 )
62	( -75 , 23 )
63	( 180 , 7 )
64	( 161 , 76 )
65	( 16 , 82 )
66	( 111 , -42 )
67	( 40 , -4 )
68	( 143 , 70 )
69	( 147 , 78 )
70	( 158 , 6 )
71	( -90 , 11 )
72	( -164 , -90 )
73	( -132 , 73 )
74	( -125 , -47 )
75	( -174 , 53 )
76	( -139 , 59 )
77	( -140 , 64 )
78	( -111 , 83 )
79	( -179 , 84 )
80	( -160 , 68 )
81	( -121 , 53 )
82	( -103 , 80 )
83	( -151 , 58 )
84	( -116 , 84 )
85	( -173 , 82 )
86	( -105 , 88 )
87	( -162 , 84 )
88	( -124 , 64 )
89	( -115 , 61 )
90	( -141 , 53 )
91	( -150 , 79 )
92	( -108 , 80 )
93	( -146 , 73 )
94	( -120 , 60 )
95	( -132 , 53 )
96	( -111 , 52 )
97	( -127 , 69 )
98	( -117 , 56 )
99	( -133 , 62 )
100	( -129 , 87 )
101	( -172 , 62 )
102	( -169 , 59 )
103	( -113 , 73 )
104	( -101 , 77 )
105	( -129 , 71 )
106	( -101 , 79 )
107	( -153 , 56 )
108	( -174 , 51 )
109	( -165 , 59 )
110	( -156 , 82 )
111	( -144 , 72 )
112	( -161 , 50 )
113	( -107 , 85 )
114	( -159 , 80 )
115	( -177 , 72 )
116	( -120 , 70 )
117	( -128 , 73 )
118	( -101 , 53 )
119	( -136 , 77 )
120	( -108 , 85 )
121	( -134 , 53 )
122	( -132 , 52 )
123	( -174 , 55 )
124	( -122 , 70 )
125	( -148 , 81 )
126	( -103 , 65 )
127	( -101 , 84 )
128	( -143 , 72 )
129	( -175 , 55 )
130	( -155 , 89 )
131	( -156 , 60 )
132	( -131 , 54 )
133	( -119 , 70 )
134	( -174 , 81 )
135	( -167 , 50 )
136	( -143 , 71 )
137	( -156 , 68 )
138	( -164 , 64 )
139	( -105 , 56 )
140	( -107 , 81 )
141	( -169 , 81 )
142	( -153 , 61 )
143	( -134 , 65 )
144	( -140 , 82 )
145	( -173 , 68 )
146	( -180 , 67 )
147	( -152 , 88 )
148	( -136 , 63 )
149	( -143 , 70 )
150	( -157 , 74 )
151	( 105 , 17 )
152	( 127 , -4 )
153	( 124 , -3 )
154	( 104 , 2 )
155	( 152 , -16 )
156	( 148 , 15 )
157	( 117 , 1 )
158	( 166 , 1 )
159	( 173 , -7 )
160	( 141 , -5 )
161	( 179 , -9 )
162	( 154 , 9 )
163	( 180 , -19 )
164	( 113 , -6 )
165	( 171 , 14 )
166	( 172 , -3 )
167	( 170 , -7 )
168	( 157 , -12 )
169	( 134 , 17 )
170	( 179 , -15 )
171	( 126 , 18 )
172	( 111 , 19 )
173	( 168 , -16 )
174	( 116 , 12 )
175	( 109 , -20 )
176	( 134 , -15 )
177	( 179 , 16 )
178	( 150 , 11 )
179	( 122 , 4 )
180	( 132 , -11 )
181	( 122 , 7 )
182	( 154 , 11 )
183	( 116 , -14 )
184	( 102 , 15 )
185	( 166 , 4 )
186	( 109 , 18 )
187	( 129 , -5 )
188	( 104 , -20 )
189	( 110 , 7 )
190	( 171 , 15 )
191	( 168 , -6 )
192	( 120 , 14 )
193	( 136 , 10 )
194	( 137 , 18 )
195	( 157 , 17 )
196	( 175 , 12 )
197	( 143 , 9 )
198	( 168 , 5 )
199	( 122 , -6 )
200	( 163 , 7 )
201	( 106 , -8 )
202	( 180 , 0 )
203	( 173 , -2 )
204	( 162 , 3 )
205	( 169 , 3 )
206	( 152 , 3 )
207	( 158 , 0 )
208	( 132 , 17 )
209	( 135 , 12 )
210	( 126 , -3 )
211	( 155 , -18 )
212	( 114 , 15 )
213	( 155 , -8 )
214	( 135 , 5 )
215	( 143 , -4 )
216	( 160 , 10 )
217	( 172 , -13 )
218	( 165 , 1 )
219	( 129 , 9 )
220	( 177 , 19 )
221	( 100 , 14 )
222	( 108 , -16 )
223	( 122 , -7 )
224	( 107 , -20 )
225	( 126 , 16 )
226	( -25 , -72 )
227	( -37 , -77 )
228	( -40 , -90 )
229	( -30 , -87 )
230	( 24 , -66 )
231	( -39 , -85 )
232	( -35 , -73 )
233	( 27 , -55 )
234	( 14 , -69 )
235	( 16 , -56 )
236	( 5 , -63 )
237	( 29 , -77 )
238	( -6 , -57 )
239	( 37 , -88 )
240	( 9 , -77 )
241	( -23 , -74 )
242	( -17 , -66 )
243	( -23 , -79 )
244	( 17 , -68 )
245	( -25 , -59 )
246	( -9 , -80 )
247	( 34 , -76 )
248	( 38 , -56 )
249	( 24 , -64 )
250	( -19 , -75 )
251	( 12 , -68 )
252	( -16 , -72 )
253	( -12 , -71 )
254	( 7 , -62 )
255	( 32 , -83 )
256	( -37 , -88 )
257	( -3 , -72 )
258	( -10 , -66 )
259	( 27 , -73 )
260	( -23 , -68 )
261	( -27 , -85 )
262	( -13 , -54 )
263	( -3 , -79 )
264	( 21 , -70 )
265	( -13 , -68 )
266	( -39 , -78 )
267	( 23 , -81 )
268	( 15 , -64 )
269	( -32 , -57 )
270	( -19 , -62 )
271	( 15 , -51 )
272	( 11 , -90 )
273	( 19 , -77 )
274	( 23 , -72 )
275	( 37 , -76 )
276	( -39 , -76 )
277	( -5 , -62 )
278	( -23 , -70 )
279	( -24 , -75 )
280	( 38 , -88 )
281	( 18 , -87 )
282	( -11 , -77 )
283	( -28 , -61 )
284	( -18 , -81 )
285	( 21 , -61 )
286	( 0 , -90 )
287	( -26 , -71 )
288	( 28 , -83 )
289	( -1 , -77 )
290	( -27 , -85 )
291	( 0 , -79 )
292	( 3 , -52 )
293	( 3 , -64 )
294	( 28 , -87 )
295	( -39 , -84 )
296	( -5 , -62 )
297	( 28 , -82 )
298	( 39 , -66 )
299	( 9 , -79 )
300	( 28 , -51 )
-999

[-180,-100],[50,90]
[-50,50],[-20,20]
[100,180],[-90,-50]