TP300.in
300  3  999
1	( -73 , -70 )
2	( -133 , 5 )
3	( -161 , -79 )
4	( -153 , -69 )
5	( -97 , 50 )
6	( -161 , -20 )
7	( 91 , 31 )
8	( 90 , -78 )
9	( 65 , -10 )
10	( -148 , 9 )
11	( -46 , -47 )
12	( 133 , 50 )
13	( -18 , 69 )
14	( -22 , 58 )
15	( 109 , -75 )
16	( -180 , -84 )
17	( 146 , -1 )
18	( -180 , 36 )
19	( 133 , 5 )
20	( 46 , -41 )
21	( 70 , -51 )
22	( -146 , -17 )
23	( 5 , -8 )
24	( -126 , 5 )
25	( 91 , -68 )
26	( 104 , -3 )
27	( 65 , -31 )
28	( -87 , -81 )
29	( -92 , -26 )
30	( -151 , -59 )
31	( 45 , -44 )
32	( -66 , -64 )
33	( 99 , -87 )
34	( -6 , -44 )
35	( 60 , -81 )
36	( -108 , -62 )
37	( 114 , 58 )
38	( 129 , -62 )
39	( -128 , -7 )
40	( -85 , 89 )
41	( 84 , 74 )
42	( -156 , 32 )
43	( -74 , 3 )
44	( -53 , 13 )
45	( -96 , 81 )
46	( -17 , 2 )
47	( -20 , -8 )
48	( 53 , -12 )
49	( 144 , 81 )
50	( 48 , -1 )
51	( 171 , 71 )
52	( 131 , 37 )
53	( 153 , 24 )
54	( 61 , 66 )
55	( -10 , -72 )
56	( 148 , 51 )
57	( -148 , -74 )
58	( -22 , 39 )
59	( -112 , 25 )
60	( 127 , -44 )
61	( 60 , 74 )
62	( -172 , 40 )
63	( 35 , 34 )
64	( 76 , -26 )
65	( -119 , -14 )
66	( -88 , -55 )
67	( 120 , 49 )
68	( -174 , 61 )
69	( -164 , -24 )
70	( 91 , 29 )
71	( 127 , -2 )
72	( -144 , -67 )
73	( -166 , 31 )
74	( -28 , -26 )
75	( -174 , 78 )
76	( -92 , -43 )
77	( -146 , -22 )
78	( 119 , -79 )
79	( 134 , -64 )
80	( -143 , -48 )
81	( 153 , -35 )
82	( 69 , -81 )
83	( 126 , 38 )
84	( 162 , -32 )
85	( -154 , 18 )
86	( 61 , 59 )
87	( 139 , -56 )
88	( -35 , -59 )
89	( 112 , 71 )
90	( 65 , 77 )
91	( -85 , -26 )
92	( -58 , -47 )
93	( -117 , 89 )
94	( -144 , -8 )
95	( 158 , 82 )
96	( 169 , 73 )
97	( -86 , 3 )
98	( 86 , 8 )
99	( 108 , -82 )
100	( -78 , -31 )
101	( -116 , 49 )
102	( -155 , 64 )
103	( -157 , 64 )
104	( -147 , 86 )
105	( -93 , 75 )
106	( -158 , 90 )
107	( -139 , 53 )
108	( -93 , 71 )
109	( -93 , 65 )
110	( -102 , 84 )
111	( -126 , 67 )
112	( -146 , 50 )
113	( -124 , 80 )
114	( -130 , 62 )
115	( -140 , 84 )
116	( -147 , 80 )
117	( -126 , 61 )
118	( -162 , 52 )
119	( -174 , 87 )
120	( -92 , 79 )
121	( -125 , 54 )
122	( -137 , 57 )
123	( -117 , 90 )
124	( -141 , 48 )
125	( -131 , 52 )
126	( -129 , 60 )
127	( -165 , 64 )
128	( -116 , 55 )
129	( -116 , 52 )
130	( -110 , 67 )
131	( -103 , 45 )
132	( -140 , 50 )
133	( -155 , 67 )
134	( -147 , 50 )
135	( -93 , 82 )
136	( -136 , 47 )
137	( -138 , 50 )
138	( -159 , 63 )
139	( -179 , 49 )
140	( -143 , 74 )
141	( -151 , 67 )
142	( -106 , 58 )
143	( -155 , 46 )
144	( -127 , 53 )
145	( -123 , 89 )
146	( -140 , 86 )
147	( -168 , 67 )
148	( -100 , 73 )
149	( -113 , 61 )
150	( -180 , 54 )
151	( -125 , 60 )
152	( -171 , 78 )
153	( -120 , 69 )
154	( -102 , 47 )
155	( -163 , 59 )
156	( -162 , 73 )
157	( -113 , 51 )
158	( -166 , 62 )
159	( -164 , 52 )
160	( -106 , 56 )
161	( -100 , 54 )
162	( -138 , 90 )
163	( -148 , 72 )
164	( -99 , 90 )
165	( -160 , 73 )
166	( -121 , 74 )
167	( -172 , 54 )
168	( -178 , 45 )
169	( -147 , 48 )
170	( -125 , 79 )
171	( -166 , 69 )
172	( -92 , 60 )
173	( -112 , 83 )
174	( -166 , 90 )
175	( -151 , 68 )
176	( -141 , 72 )
177	( -132 , 79 )
178	( -153 , 64 )
179	( -104 , 49 )
180	( -146 , 48 )
181	( -125 , 85 )
182	( -106 , 71 )
183	( -122 , 70 )
184	( -134 , 69 )
185	( -170 , 52 )
186	( -180 , 49 )
187	( -132 , 48 )
188	( -172 , 61 )
189	( -161 , 51 )
190	( -159 , 68 )
191	( -142 , 87 )
192	( -121 , 77 )
193	( -164 , 48 )
194	( -171 , 60 )
195	( -100 , 72 )
196	( -167 , 57 )
197	( -117 , 69 )
198	( -168 , 57 )
199	( -117 , 63 )
200	( -119 , 54 )
201	( 119 , -62 )
202	( 169 , -83 )
203	( 136 , -75 )
204	( 94 , -69 )
205	( 149 , -48 )
206	( 108 , -59 )
207	( 169 , -52 )
208	( 149 , -59 )
209	( 110 , -85 )
210	( 126 , -65 )
211	( 130 , -83 )
212	( 148 , -67 )
213	( 91 , -57 )
214	( 125 , -90 )
215	( 174 , -53 )
216	( 149 , -54 )
217	( 132 , -89 )
218	( 108 , -55 )
219	( 94 , -68 )
220	( 107 , -53 )
221	( 92 , -62 )
222	( 152 , -48 )
223	( 126 , -70 )
224	( 126 , -53 )
225	( 170 , -71 )
226	( 94 , -64 )
227	( 90 , -85 )
228	( 158 , -84 )
229	( 179 , -75 )
230	( 103 , -55 )
231	( 176 , -89 )
232	( 139 , -53 )
233	( 117 , -73 )
234	( 111 , -53 )
235	( 150 , -52 )
236	( 149 , -58 )
237	( 175 , -65 )
238	( 139 , -54 )
239	( 133 , -59 )
240	( 100 , -65 )
241	( 120 , -66 )
242	( 101 , -69 )
243	( 160 , -87 )
244	( 163 , -75 )
245	( 114 , -88 )
246	( 164 , -59 )
247	( 122 , -72 )
248	( 170 , -46 )
249	( 98 , -52 )
250	( 149 , -90 )
251	( 109 , -66 )
252	( 105 , -89 )
253	( 162 , -76 )
254	( 148 , -71 )
255	( 141 , -48 )
256	( 151 , -77 )
257	( 111 , -64 )
258	( 130 , -72 )
259	( 173 , -87 )
260	( 94 , -80 )
261	( 142 , -51 )
262	( 141 , -63 )
263	( 93 , -48 )
264	( 122 , -67 )
265	( 151 , -66 )
266	( 155 , -62 )
267	( 94 , -86 )
268	( 122 , -55 )
269	( 123 , -86 )
270	( 152 , -70 )
271	( 128 , -74 )
272	( 161 , -76 )
273	( 123 , -67 )
274	( 131 , -55 )
275	( 177 , -69 )
276	( 96 , -90 )
277	( 162 , -71 )
278	( 129 , -76 )
279	( 179 , -66 )
280	( 179 , -53 )
281	( 177 , -85 )
282	( 159 , -90 )
283	( 110 , -88 )
284	( 112 , -85 )
285	( 110 , -61 )
286	( 93 , -53 )
287	( 125 , -63 )
288	( 163 , -81 )
289	( 98 , -80 )
290	( 112 , -67 )
291	( 135 , -64 )
292	( 141 , -81 )
293	( 133 , -59 )
294	( 165 , -63 )
295	( 150 , -89 )
296	( 163 , -54 )
297	( 100 , -52 )
298	( 134 , -76 )
299	( 144 , -56 )
300	( 99 , -76 )
-999

[-180,-90],[45,90]
[90,180],[-90,-45]