TP300.in
300  3  999
1	( 86 , -14 )
2	( 30 , 4 )
3	( -104 , 28 )
4	( -31 , -37 )
5	( 131 , -68 )
6	( 7 , -24 )
7	( 56 , 24 )
8	( -173 , 54 )
9	( 2 , -70 )
10	( 165 , 33 )
11	( -49 , 49 )
12	( 39 , 42 )
13	( -3 , -25 )
14	( 51 , 56 )
15	( -144 , -4 )
16	( 26 , -25 )
17	( -164 , -5 )
18	( 123 , -75 )
19	( 57 , -69 )
20	( -43 , -48 )
21	( -178 , -66 )
22	( 92 , -2 )
23	( -171 , 35 )
24	( -139 , -89 )
25	( -68 , 4 )
26	( -66 , -30 )
27	( 14 , 81 )
28	( -102 , 85 )
29	( 114 , 64 )
30	( -171 , 63 )
31	( -176 , 19 )
32	( -111 , -21 )
33	( 18 , -61 )
34	( -64 , -57 )
35	( 104 , 79 )
36	( -129 , -21 )
37	( 83 , 40 )
38	( 63 , -49 )
39	( -176 , -69 )
40	( 74 , 54 )
41	( -91 , 24 )
42	( 0 , 15 )
43	( -122 , -48 )
44	( 116 , -72 )
45	( -90 , 68 )
46	( -83 , 55 )
47	( -147 , 5 )
48	( -100 , -18 )
49	( 159 , -23 )
50	( 159 , 66 )
51	( -47 , 77 )
52	( -101 , -23 )
53	( -44 , 78 )
54	( 38 , 57 )
55	( -82 , 88 )
56	( 164 , 35 )
57	( -127 , -49 )
58	( 37 , -22 )
59	( -142 , 20 )
60	( -100 , -34 )
61	( -58 , -51 )
62	( 157 , 75 )
63	( 60 , -29 )
64	( -75 , -54 )
65	( 0 , -41 )
66	( -76 , 26 )
67	( -115 , 61 )
68	( -25 , -33 )
69	( -32 , -68 )
70	( -107 , -49 )
71	( 47 , -90 )
72	( 119 , -43 )
73	( 152 , 14 )
74	( 56 , 66 )
75	( 154 , 62 )
76	( -73 , -31 )
77	( -127 , 23 )
78	( 9 , -63 )
79	( 178 , -35 )
80	( 75 , -83 )
81	( 51 , -17 )
82	( -66 , -90 )
83	( 72 , -34 )
84	( 6 , -34 )
85	( 107 , -39 )
86	( 169 , 87 )
87	( -33 , 90 )
88	( 66 , -30 )
89	( -39 , 31 )
90	( 179 , -74 )
91	( 67 , -13 )
92	( -81 , 28 )
93	( 171 , 83 )
94	( -2 , 10 )
95	( -67 , -40 )
96	( -63 , -71 )
97	( -30 , -61 )
98	( 32 , -49 )
99	( 67 , 60 )
100	( 23 , 20 )
101	( -159 , -28 )
102	( -155 , 26 )
103	( 135 , -33 )
104	( 153 , -63 )
105	( 160 , -56 )
106	( 93 , -32 )
107	( -69 , 21 )
108	( -52 , -52 )
109	( -134 , 29 )
110	( -171 , 44 )
111	( 114 , 83 )
112	( 179 , 3 )
113	( 165 , 66 )
114	( 23 , -47 )
115	( -34 , -8 )
116	( 54 , 11 )
117	( -141 , -20 )
118	( -169 , -29 )
119	( -52 , 24 )
120	( 103 , 29 )
121	( -168 , -28 )
122	( 40 , -68 )
123	( 8 , -89 )
124	( 107 , 54 )
125	( 112 , -23 )
126	( -145 , -86 )
127	( 110 , 58 )
128	( 106 , -73 )
129	( -55 , 10 )
130	( 66 , -89 )
131	( 91 , 33 )
132	( 89 , -2 )
133	( 15 , -55 )
134	( -104 , 77 )
135	( 31 , -88 )
136	( 130 , -1 )
137	( 136 , -24 )
138	( 75 , -5 )
139	( -54 , 67 )
140	( 178 , 82 )
141	( -156 , 48 )
142	( -24 , -85 )
143	( -51 , 22 )
144	( 93 , -38 )
145	( 34 , 78 )
146	( 178 , 54 )
147	( 162 , 50 )
148	( 146 , -26 )
149	( 35 , -68 )
150	( 30 , -32 )
151	( 106 , 68 )
152	( -104 , 53 )
153	( 5 , 18 )
154	( -127 , -12 )
155	( -140 , -33 )
156	( 90 , -4 )
157	( 22 , 42 )
158	( 160 , 88 )
159	( -92 , 39 )
160	( -134 , 76 )
161	( -22 , 76 )
162	( -62 , 28 )
163	( -173 , -80 )
164	( 17 , -72 )
165	( -13 , -27 )
166	( 136 , -49 )
167	( -76 , 31 )
168	( -124 , -55 )
169	( 19 , 25 )
170	( 7 , 46 )
171	( -9 , -32 )
172	( -117 , -41 )
173	( -114 , 3 )
174	( -94 , -51 )
175	( 120 , 76 )
176	( -141 , 70 )
177	( 178 , 30 )
178	( 139 , 68 )
179	( 16 , 11 )
180	( 99 , -8 )
181	( -161 , -82 )
182	( 171 , 47 )
183	( -21 , 4 )
184	( -113 , 71 )
185	( 27 , 45 )
186	( -24 , 19 )
187	( -110 , -23 )
188	( -21 , -69 )
189	( 88 , -81 )
190	( -11 , 0 )
191	( 115 , -31 )
192	( -83 , 8 )
193	( -93 , 89 )
194	( -96 , 22 )
195	( 102 , -39 )
196	( 54 , 89 )
197	( 132 , -79 )
198	( 73 , -13 )
199	( -54 , -15 )
200	( 120 , 30 )
201	( -61 , -27 )
202	( 52 , -75 )
203	( -6 , 0 )
204	( 68 , 22 )
205	( -100 , 49 )
206	( -134 , -1 )
207	( -148 , -41 )
208	( 50 , 40 )
209	( 100 , -13 )
210	( 7 , -9 )
211	( -77 , 12 )
212	( -142 , -38 )
213	( -145 , -11 )
214	( 88 , -66 )
215	( 62 , -88 )
216	( 96 , -31 )
217	( -101 , 55 )
218	( -118 , -6 )
219	( 68 , -57 )
220	( -158 , 43 )
221	( -71 , 21 )
222	( -36 , -88 )
223	( -124 , -62 )
224	( 146 , 17 )
225	( -28 , 87 )
226	( 55 , 77 )
227	( 143 , -21 )
228	( -44 , 48 )
229	( -93 , -27 )
230	( 175 , -83 )
231	( 94 , 10 )
232	( 161 , -53 )
233	( -179 , 54 )
234	( -82 , -39 )
235	( -145 , -59 )
236	( -168 , 16 )
237	( -49 , 51 )
238	( -127 , 31 )
239	( -121 , -74 )
240	( -132 , 80 )
241	( 13 , -63 )
242	( 77 , 35 )
243	( -50 , 62 )
244	( -24 , 61 )
245	( -26 , -17 )
246	( -99 , -30 )
247	( -108 , -87 )
248	( 173 , 45 )
249	( 61 , -56 )
250	( -177 , -26 )
251	( 138 , 21 )
252	( -2 , -45 )
253	( 161 , -79 )
254	( 21 , -69 )
255	( -95 , 37 )
256	( 36 , -64 )
257	( -101 , -83 )
258	( 2 , 20 )
259	( 124 , -44 )
260	( 126 , -62 )
261	( -48 , -11 )
262	( 130 , 35 )
263	( 160 , 36 )
264	( -39 , -28 )
265	( 109 , -18 )
266	( -180 , 86 )
267	( -151 , 50 )
268	( -158 , 76 )
269	( 56 , -7 )
270	( 90 , -36 )
271	( -77 , -33 )
272	( 36 , 40 )
273	( 111 , -76 )
274	( -139 , -62 )
275	( 5 , -24 )
276	( 146 , -16 )
277	( -57 , 64 )
278	( 176 , -10 )
279	( 93 , 54 )
280	( -70 , -46 )
281	( 62 , -52 )
282	( -67 , 61 )
283	( 73 , 23 )
284	( -157 , -11 )
285	( 174 , 15 )
286	( 164 , -22 )
287	( 2 , 9 )
288	( 135 , -81 )
289	( 122 , -66 )
290	( 139 , 66 )
291	( 30 , -48 )
292	( 121 , -12 )
293	( -2 , 16 )
294	( 48 , -49 )
295	( 104 , 21 )
296	( -122 , 64 )
297	( -124 , 1 )
298	( 46 , -77 )
299	( -180 , 48 )
300	( -174 , -58 )
-999
