TP350.in
350  7  999
1	( 89 , -17 )
2	( 83 , -56 )
3	( 107 , 27 )
4	( -165 , -49 )
5	( 110 , 84 )
6	( 102 , 48 )
7	( -174 , -52 )
8	( -177 , 68 )
9	( -21 , -90 )
10	( -166 , -51 )
11	( -112 , -53 )
12	( -71 , -47 )
13	( 75 , -39 )
14	( -2 , -70 )
15	( -114 , -55 )
16	( -36 , -13 )
17	( -129 , 35 )
18	( 177 , -29 )
19	( -100 , -71 )
20	( 80 , -77 )
21	( 168 , 28 )
22	( 67 , 2 )
23	( 129 , 41 )
24	( 83 , -36 )
25	( -62 , 38 )
26	( -110 , 13 )
27	( -85 , 7 )
28	( -101 , 7 )
29	( -144 , -2 )
30	( -5 , 2 )
31	( -124 , 77 )
32	( -165 , 20 )
33	( 23 , -27 )
34	( 44 , -31 )
35	( -100 , 31 )
36	( 54 , -30 )
37	( -78 , 84 )
38	( -89 , 7 )
39	( 8 , 53 )
40	( -42 , 87 )
41	( 20 , -56 )
42	( 104 , -5 )
43	( 180 , 59 )
44	( -121 , 18 )
45	( -10 , -9 )
46	( -95 , 42 )
47	( 43 , -53 )
48	( 151 , -83 )
49	( 39 , -77 )
50	( 161 , 1 )
51	( -143 , -17 )
52	( -151 , 29 )
53	( -159 , 65 )
54	( -76 , -36 )
55	( -77 , 33 )
56	( -175 , -34 )
57	( -143 , 1 )
58	( 166 , 84 )
59	( -130 , 13 )
60	( 41 , 43 )
61	( -112 , -87 )
62	( 128 , 49 )
63	( -25 , 75 )
64	( 77 , -77 )
65	( -164 , -52 )
66	( 155 , -9 )
67	( 124 , 69 )
68	( 135 , -63 )
69	( -141 , -67 )
70	( -31 , -66 )
71	( 14 , 66 )
72	( -67 , 52 )
73	( -22 , 77 )
74	( 47 , -70 )
75	( -90 , 82 )
76	( 145 , -84 )
77	( -14 , -53 )
78	( -67 , -75 )
79	( 18 , -34 )
80	( -99 , -65 )
81	( -127 , -52 )
82	( -89 , -77 )
83	( 92 , 12 )
84	( -11 , -50 )
85	( 47 , 56 )
86	( 128 , -89 )
87	( -124 , -4 )
88	( -109 , -32 )
89	( 75 , -79 )
90	( -61 , 1 )
91	( -77 , 18 )
92	( 118 , -73 )
93	( -68 , 71 )
94	( 176 , 24 )
95	( 25 , 53 )
96	( 36 , 54 )
97	( 146 , -41 )
98	( 177 , -31 )
99	( 40 , -47 )
100	( -168 , 67 )
101	( -16 , -17 )
102	( -6 , -11 )
103	( -145 , 71 )
104	( 138 , 88 )
105	( -176 , 88 )
106	( -45 , -3 )
107	( 172 , 40 )
108	( 128 , 8 )
109	( -41 , -62 )
110	( 95 , 66 )
111	( 28 , 61 )
112	( 56 , 61 )
113	( -105 , -81 )
114	( -142 , 69 )
115	( -5 , 67 )
116	( 77 , -5 )
117	( -169 , -7 )
118	( -163 , 69 )
119	( -138 , -21 )
120	( 180 , -15 )
121	( -177 , -90 )
122	( 44 , 14 )
123	( -30 , -70 )
124	( 116 , -57 )
125	( -30 , -10 )
126	( 159 , -8 )
127	( -9 , -60 )
128	( -74 , 22 )
129	( 90 , 26 )
130	( -97 , -83 )
131	( 103 , 90 )
132	( -1 , -65 )
133	( -81 , 73 )
134	( -17 , 3 )
135	( 62 , 85 )
136	( -25 , 90 )
137	( -123 , -28 )
138	( 128 , 13 )
139	( -103 , -77 )
140	( -28 , -73 )
141	( -97 , 76 )
142	( -12 , -83 )
143	( 156 , -44 )
144	( 179 , 66 )
145	( -120 , -13 )
146	( -132 , -5 )
147	( -124 , 82 )
148	( 48 , -89 )
149	( 3 , -3 )
150	( -71 , 2 )
151	( 58 , -35 )
152	( 5 , -10 )
153	( -176 , 80 )
154	( -75 , -67 )
155	( -67 , 40 )
156	( -34 , 31 )
157	( -100 , -66 )
158	( 112 , 66 )
159	( 12 , -9 )
160	( -105 , -88 )
161	( 148 , 16 )
162	( -54 , -46 )
163	( 122 , 83 )
164	( 124 , -53 )
165	( 76 , 62 )
166	( -156 , 42 )
167	( 98 , 75 )
168	( -24 , 77 )
169	( -33 , -87 )
170	( -169 , 89 )
171	( 168 , 66 )
172	( 18 , -10 )
173	( -173 , -7 )
174	( -90 , -86 )
175	( -128 , 49 )
176	( -8 , -81 )
177	( -82 , -38 )
178	( 36 , -77 )
179	( 164 , -42 )
180	( 39 , -80 )
181	( -146 , -75 )
182	( -30 , -5 )
183	( 55 , 31 )
184	( 145 , -34 )
185	( 72 , 69 )
186	( -16 , 2 )
187	( -28 , -51 )
188	( -163 , -83 )
189	( -166 , 73 )
190	( -100 , -22 )
191	( 75 , 58 )
192	( -159 , 80 )
193	( -48 , -88 )
194	( -14 , -3 )
195	( -68 , -25 )
196	( 171 , -65 )
197	( -32 , 86 )
198	( 142 , 68 )
199	( -18 , -76 )
200	( 107 , -28 )
201	( 21 , 80 )
202	( -64 , -43 )
203	( -67 , 84 )
204	( 48 , -81 )
205	( -94 , 10 )
206	( -169 , -81 )
207	( -164 , -49 )
208	( -54 , -41 )
209	( -170 , -5 )
210	( -143 , 25 )
211	( -104 , -15 )
212	( 180 , -30 )
213	( 148 , -34 )
214	( -143 , -10 )
215	( -63 , -59 )
216	( 34 , 84 )
217	( -142 , 68 )
218	( 116 , 48 )
219	( -1 , 53 )
220	( 47 , -18 )
221	( -43 , -16 )
222	( -93 , 46 )
223	( -61 , 76 )
224	( -147 , -58 )
225	( 45 , 21 )
226	( 126 , 86 )
227	( 171 , -62 )
228	( -132 , -65 )
229	( 159 , 88 )
230	( -52 , 90 )
231	( 131 , -57 )
232	( 82 , -78 )
233	( 168 , -78 )
234	( 160 , -60 )
235	( -33 , 15 )
236	( 100 , -48 )
237	( 124 , 37 )
238	( -87 , 55 )
239	( -117 , -46 )
240	( -178 , 88 )
241	( -101 , 76 )
242	( 116 , 38 )
243	( -64 , 21 )
244	( 176 , 81 )
245	( 87 , 33 )
246	( 117 , 2 )
247	( -22 , 24 )
248	( 14 , -55 )
249	( 66 , -59 )
250	( 104 , -43 )
251	( 173 , 77 )
252	( 98 , -83 )
253	( 123 , 20 )
254	( -133 , -42 )
255	( 144 , -31 )
256	( 167 , 35 )
257	( 173 , -24 )
258	( 101 , 80 )
259	( -49 , -87 )
260	( 88 , -27 )
261	( -151 , 89 )
262	( -26 , 41 )
263	( 93 , -42 )
264	( 107 , -52 )
265	( -120 , -79 )
266	( -137 , 90 )
267	( -16 , 44 )
268	( -177 , -37 )
269	( -126 , 51 )
270	( 133 , 38 )
271	( -6 , 39 )
272	( -162 , -16 )
273	( 79 , -67 )
274	( 11 , -78 )
275	( 127 , 18 )
276	( 120 , 30 )
277	( -25 , -11 )
278	( -116 , 88 )
279	( -1 , -83 )
280	( -78 , 13 )
281	( 114 , 76 )
282	( -143 , 61 )
283	( -104 , 84 )
284	( -94 , -48 )
285	( -51 , -3 )
286	( 104 , 15 )
287	( -126 , -84 )
288	( 131 , -25 )
289	( 160 , -88 )
290	( -177 , 23 )
291	( 85 , 41 )
292	( -50 , 12 )
293	( -97 , -8 )
294	( 25 , -88 )
295	( 24 , -86 )
296	( 109 , -71 )
297	( -1 , -37 )
298	( 143 , 12 )
299	( 41 , -52 )
300	( -108 , 46 )
301	( 141 , -37 )
302	( 76 , -24 )
303	( 112 , -45 )
304	( 6 , -19 )
305	( 28 , 57 )
306	( -166 , -4 )
307	( -168 , 28 )
308	( 122 , -75 )
309	( 20 , 6 )
310	( 39 , 46 )
311	( -38 , -50 )
312	( 61 , -30 )
313	( 65 , 32 )
314	( -150 , 64 )
315	( -131 , -37 )
316	( 90 , 42 )
317	( 114 , -45 )
318	( 86 , -11 )
319	( -175 , 89 )
320	( 94 , 87 )
321	( 159 , -60 )
322	( -22 , 45 )
323	( 175 , -32 )
324	( -154 , 62 )
325	( -15 , 56 )
326	( -176 , -76 )
327	( 38 , -10 )
328	( -51 , 30 )
329	( 46 , -22 )
330	( 68 , -67 )
331	( -120 , 29 )
332	( -87 , -40 )
333	( -156 , -34 )
334	( 59 , 51 )
335	( 150 , -19 )
336	( -155 , 11 )
337	( 99 , 23 )
338	( 114 , -50 )
339	( 102 , 76 )
340	( -54 , -25 )
341	( 38 , -47 )
342	( -37 , -31 )
343	( -78 , 31 )
344	( -136 , -23 )
345	( 142 , -78 )
346	( 113 , 25 )
347	( -71 , 23 )
348	( 113 , -40 )
349	( 148 , -62 )
350	( 66 , 31 )
-999
