TP400.in
400  9  999
1	( 37 , -88 )
2	( 50 , 81 )
3	( -109 , 6 )
4	( 106 , 26 )
5	( 149 , -41 )
6	( -180 , 65 )
7	( 4 , 68 )
8	( 71 , 1 )
9	( -103 , -47 )
10	( -159 , -16 )
11	( 166 , -18 )
12	( 9 , -65 )
13	( 104 , -12 )
14	( 63 , 47 )
15	( -142 , 77 )
16	( -102 , 80 )
17	( -112 , -74 )
18	( 148 , -64 )
19	( 93 , 90 )
20	( 92 , -48 )
21	( -62 , -79 )
22	( 86 , 78 )
23	( -96 , 80 )
24	( 161 , 7 )
25	( 59 , -26 )
26	( -4 , 61 )
27	( 59 , -85 )
28	( 108 , -54 )
29	( -5 , 0 )
30	( -122 , 48 )
31	( 130 , -84 )
32	( 14 , 88 )
33	( -160 , -80 )
34	( 60 , -15 )
35	( 168 , 10 )
36	( 88 , -52 )
37	( -5 , 59 )
38	( -150 , 72 )
39	( 59 , 17 )
40	( 147 , 63 )
41	( -3 , -66 )
42	( -146 , 45 )
43	( -22 , -22 )
44	( -79 , -62 )
45	( -75 , 38 )
46	( 57 , -44 )
47	( 122 , 89 )
48	( -45 , -37 )
49	( 9 , 46 )
50	( 135 , -58 )
51	( -81 , 5 )
52	( 25 , -70 )
53	( 41 , -41 )
54	( -53 , 61 )
55	( 162 , 73 )
56	( 14 , 71 )
57	( 34 , -34 )
58	( -82 , 40 )
59	( 158 , 52 )
60	( 18 , 32 )
61	( 99 , 1 )
62	( -135 , -44 )
63	( 143 , -3 )
64	( -44 , -1 )
65	( -19 , 53 )
66	( -46 , 74 )
67	( 80 , 41 )
68	( 26 , 84 )
69	( 24 , 88 )
70	( -131 , -61 )
71	( -171 , -10 )
72	( -105 , -20 )
73	( -119 , 48 )
74	( 60 , 4 )
75	( 79 , 28 )
76	( -52 , 42 )
77	( -107 , -55 )
78	( -35 , 48 )
79	( -36 , -34 )
80	( -103 , -67 )
81	( 143 , 65 )
82	( -39 , -62 )
83	( 11 , 23 )
84	( -120 , 66 )
85	( 88 , -35 )
86	( -124 , 82 )
87	( 55 , -21 )
88	( 53 , -31 )
89	( -73 , 43 )
90	( -149 , -67 )
91	( 115 , 64 )
92	( 99 , 54 )
93	( -23 , 25 )
94	( 75 , 4 )
95	( -63 , 55 )
96	( 23 , -45 )
97	( 97 , -89 )
98	( -84 , -60 )
99	( -162 , -81 )
100	( 130 , 7 )
101	( -133 , 82 )
102	( -118 , 66 )
103	( -141 , 66 )
104	( -174 , 83 )
105	( -136 , 52 )
106	( -143 , 77 )
107	( -162 , 53 )
108	( -156 , 51 )
109	( -174 , 74 )
110	( -123 , 86 )
111	( -107 , 76 )
112	( -137 , 88 )
113	( -121 , 87 )
114	( -166 , 76 )
115	( -171 , 69 )
116	( -158 , 60 )
117	( -110 , 72 )
118	( -138 , 50 )
119	( -175 , 64 )
120	( -156 , 51 )
121	( -136 , 86 )
122	( -103 , 60 )
123	( -154 , 86 )
124	( -179 , 77 )
125	( -125 , 59 )
126	( -174 , 68 )
127	( -154 , 89 )
128	( -131 , 89 )
129	( -159 , 84 )
130	( -127 , 74 )
131	( -163 , 67 )
132	( -125 , 52 )
133	( -117 , 59 )
134	( -118 , 77 )
135	( -136 , 62 )
136	( -103 , 79 )
137	( -157 , 78 )
138	( -154 , 51 )
139	( -127 , 61 )
140	( -132 , 84 )
141	( -110 , 70 )
142	( -104 , 86 )
143	( -149 , 83 )
144	( -107 , 87 )
145	( -106 , 73 )
146	( -120 , 59 )
147	( -125 , 79 )
148	( -115 , 55 )
149	( -165 , 87 )
150	( -144 , 54 )
151	( -171 , 64 )
152	( -171 , 66 )
153	( -160 , 64 )
154	( -167 , 76 )
155	( -130 , 73 )
156	( -158 , 90 )
157	( -162 , 83 )
158	( -124 , 79 )
159	( -142 , 82 )
160	( -126 , 89 )
161	( -155 , 85 )
162	( -120 , 90 )
163	( -137 , 80 )
164	( -178 , 73 )
165	( -111 , 58 )
166	( -113 , 81 )
167	( -115 , 70 )
168	( -122 , 72 )
169	( -150 , 72 )
170	( -129 , 51 )
171	( -128 , 61 )
172	( -159 , 63 )
173	( -157 , 81 )
174	( -101 , 85 )
175	( -180 , 54 )
176	( -129 , 65 )
177	( -162 , 70 )
178	( -117 , 59 )
179	( -134 , 55 )
180	( -111 , 71 )
181	( -154 , 73 )
182	( -118 , 67 )
183	( -121 , 71 )
184	( -168 , 80 )
185	( -173 , 56 )
186	( -154 , 88 )
187	( -167 , 76 )
188	( -155 , 51 )
189	( -132 , 66 )
190	( -126 , 81 )
191	( -122 , 56 )
192	( -134 , 81 )
193	( -135 , 68 )
194	( -137 , 63 )
195	( -124 , 70 )
196	( -104 , 59 )
197	( -126 , 54 )
198	( -124 , 53 )
199	( -141 , 84 )
200	( -133 , 82 )
201	( 150 , -10 )
202	( 162 , 13 )
203	( 162 , 8 )
204	( 117 , 3 )
205	( 114 , 10 )
206	( 151 , -14 )
207	( 137 , -17 )
208	( 163 , -13 )
209	( 100 , -20 )
210	( 169 , -9 )
211	( 178 , 12 )
212	( 102 , 4 )
213	( 117 , -17 )
214	( 120 , -19 )
215	( 176 , -11 )
216	( 144 , 10 )
217	( 165 , 16 )
218	( 111 , -2 )
219	( 131 , 9 )
220	( 179 , 14 )
221	( 119 , 18 )
222	( 112 , 18 )
223	( 169 , 11 )
224	( 162 , 3 )
225	( 126 , 0 )
226	( 105 , -1 )
227	( 180 , -8 )
228	( 165 , 11 )
229	( 118 , -14 )
230	( 150 , 7 )
231	( 136 , -14 )
232	( 152 , 17 )
233	( 116 , 15 )
234	( 128 , 2 )
235	( 177 , -8 )
236	( 164 , -10 )
237	( 102 , 19 )
238	( 103 , -20 )
239	( 153 , -17 )
240	( 160 , -3 )
241	( 126 , 6 )
242	( 157 , -4 )
243	( 113 , -18 )
244	( 161 , -1 )
245	( 107 , -7 )
246	( 119 , -12 )
247	( 110 , -8 )
248	( 133 , -18 )
249	( 124 , -11 )
250	( 160 , 18 )
251	( 134 , -12 )
252	( 151 , -20 )
253	( 159 , 12 )
254	( 136 , -20 )
255	( 121 , 11 )
256	( 110 , -15 )
257	( 133 , -13 )
258	( 128 , 11 )
259	( 137 , -11 )
260	( 162 , -15 )
261	( 109 , 14 )
262	( 137 , 4 )
263	( 105 , 3 )
264	( 111 , 9 )
265	( 146 , 19 )
266	( 157 , -3 )
267	( 126 , 11 )
268	( 101 , -16 )
269	( 103 , 7 )
270	( 155 , -6 )
271	( 150 , 10 )
272	( 118 , -8 )
273	( 117 , -17 )
274	( 164 , 17 )
275	( 177 , 5 )
276	( 149 , -17 )
277	( 137 , 4 )
278	( 169 , 2 )
279	( 160 , -20 )
280	( 176 , -14 )
281	( 154 , 8 )
282	( 134 , -9 )
283	( 106 , 7 )
284	( 166 , 5 )
285	( 113 , -11 )
286	( 160 , 10 )
287	( 144 , -4 )
288	( 140 , -6 )
289	( 150 , -14 )
290	( 131 , 18 )
291	( 162 , -13 )
292	( 162 , 17 )
293	( 130 , 5 )
294	( 179 , 8 )
295	( 174 , -2 )
296	( 129 , -20 )
297	( 160 , 1 )
298	( 155 , 16 )
299	( 127 , 17 )
300	( 118 , 0 )
301	( -18 , -84 )
302	( 22 , -62 )
303	( 31 , -57 )
304	( 2 , -88 )
305	( -30 , -70 )
306	( 34 , -67 )
307	( 10 , -51 )
308	( -10 , -71 )
309	( 35 , -71 )
310	( 33 , -73 )
311	( 17 , -86 )
312	( 17 , -62 )
313	( 29 , -61 )
314	( -39 , -90 )
315	( 17 , -67 )
316	( -39 , -63 )
317	( 35 , -55 )
318	( 15 , -66 )
319	( -7 , -89 )
320	( -37 , -69 )
321	( -32 , -53 )
322	( 6 , -74 )
323	( 1 , -59 )
324	( -10 , -60 )
325	( -29 , -82 )
326	( 36 , -57 )
327	( -38 , -59 )
328	( 23 , -84 )
329	( -5 , -88 )
330	( 28 , -84 )
331	( 26 , -70 )
332	( -14 , -69 )
333	( -2 , -80 )
334	( 11 , -60 )
335	( -18 , -60 )
336	( -35 , -54 )
337	( -4 , -75 )
338	( -14 , -59 )
339	( 2 , -78 )
340	( -25 , -87 )
341	( -13 , -81 )
342	( 29 , -70 )
343	( 10 , -83 )
344	( 12 , -84 )
345	( -34 , -69 )
346	( -27 , -76 )
347	( -25 , -56 )
348	( 16 , -67 )
349	( 7 , -89 )
350	( 34 , -80 )
351	( -29 , -65 )
352	( -1 , -75 )
353	( -29 , -88 )
354	( -10 , -65 )
355	( -5 , -51 )
356	( 10 , -85 )
357	( 29 , -59 )
358	( 26 , -67 )
359	( 11 , -58 )
360	( 32 , -78 )
361	( 7 , -71 )
362	( 13 , -61 )
363	( 7 , -62 )
364	( 16 , -67 )
365	( 14 , -61 )
366	( -25 , -71 )
367	( -11 , -53 )
368	( 34 , -62 )
369	( 20 , -71 )
370	( -10 , -68 )
371	( 23 , -90 )
372	( 17 , -87 )
373	( 31 , -90 )
374	( -1 , -74 )
375	( -37 , -86 )
376	( 36 , -59 )
377	( -29 , -65 )
378	( 13 , -64 )
379	( 37 , -61 )
380	( 22 , -73 )
381	( -12 , -58 )
382	( 37 , -62 )
383	( 24 , -84 )
384	( 22 , -53 )
385	( 27 , -86 )
386	( 26 , -84 )
387	( -6 , -77 )
388	( 0 , -67 )
389	( 21 , -67 )
390	( 28 , -68 )
391	( -23 , -79 )
392	( 2 , -68 )
393	( 23 , -74 )
394	( -13 , -61 )
395	( -19 , -80 )
396	( 18 , -90 )
397	( 16 , -53 )
398	( -24 , -51 )
399	( -37 , -90 )
400	( -18 , -61 )
-999

[-180,-100],[50,90]
[-50,50],[-20,20]
[100,180],[-90,-50]