TP400.in
400  8  999
1	( -107 , 49 )
2	( -20 , -5 )
3	( -10 , 14 )
4	( 57 , -87 )
5	( -161 , 51 )
6	( -64 , -21 )
7	( 70 , 9 )
8	( -4 , 85 )
9	( -2 , -15 )
10	( 55 , 28 )
11	( 62 , -61 )
12	( 152 , 78 )
13	( -155 , 26 )
14	( 144 , -10 )
15	( 101 , -39 )
16	( 30 , 85 )
17	( -71 , 5 )
18	( -51 , -32 )
19	( 82 , 57 )
20	( -155 , 20 )
21	( 128 , 83 )
22	( -2 , -2 )
23	( -81 , 65 )
24	( -30 , 77 )
25	( -98 , 29 )
26	( 169 , -81 )
27	( -141 , -63 )
28	( -96 , -83 )
29	( 126 , 3 )
30	( -36 , 60 )
31	( 64 , -52 )
32	( -94 , 48 )
33	( -109 , -27 )
34	( -152 , -60 )
35	( -112 , -60 )
36	( -94 , 33 )
37	( -54 , -83 )
38	( 107 , 38 )
39	( 60 , -12 )
40	( 55 , -52 )
41	( -99 , 86 )
42	( -104 , -68 )
43	( -65 , 6 )
44	( 131 , -63 )
45	( -75 , -34 )
46	( -11 , -52 )
47	( -32 , -47 )
48	( 155 , 25 )
49	( 80 , 41 )
50	( -76 , 77 )
51	( 100 , -46 )
52	( 85 , -79 )
53	( -30 , -39 )
54	( 72 , -79 )
55	( -53 , 4 )
56	( -44 , -15 )
57	( 131 , -56 )
58	( 38 , 37 )
59	( -180 , -69 )
60	( -19 , 30 )
61	( -5 , 77 )
62	( 137 , 68 )
63	( 71 , -85 )
64	( -84 , -71 )
65	( -140 , -62 )
66	( 177 , 79 )
67	( -130 , 41 )
68	( -23 , 86 )
69	( -93 , -63 )
70	( 74 , -85 )
71	( 120 , 54 )
72	( 109 , 49 )
73	( 158 , -81 )
74	( -54 , -50 )
75	( 49 , -49 )
76	( 50 , 19 )
77	( -80 , 23 )
78	( -23 , 63 )
79	( -47 , 65 )
80	( -49 , -20 )
81	( -174 , 16 )
82	( 163 , -55 )
83	( 12 , -11 )
84	( -80 , -66 )
85	( 91 , 23 )
86	( -15 , 64 )
87	( -31 , -15 )
88	( 121 , 34 )
89	( -135 , -71 )
90	( 158 , 26 )
91	( 64 , -83 )
92	( -9 , 70 )
93	( 7 , -21 )
94	( 57 , 3 )
95	( -75 , 16 )
96	( 39 , -21 )
97	( 104 , -33 )
98	( -175 , -47 )
99	( 125 , 19 )
100	( -95 , -1 )
101	( 99 , -51 )
102	( -10 , -89 )
103	( 97 , 52 )
104	( -111 , 66 )
105	( 105 , 45 )
106	( 80 , -43 )
107	( 153 , 40 )
108	( 76 , 86 )
109	( -139 , -79 )
110	( 63 , -64 )
111	( 102 , 47 )
112	( 123 , -61 )
113	( -174 , -76 )
114	( -158 , -73 )
115	( -36 , 17 )
116	( 123 , 4 )
117	( 134 , -10 )
118	( 134 , -7 )
119	( 26 , -6 )
120	( -138 , 42 )
121	( -111 , 53 )
122	( 82 , 8 )
123	( 132 , -28 )
124	( -15 , -78 )
125	( 37 , -83 )
126	( -135 , 51 )
127	( 156 , -75 )
128	( 76 , -88 )
129	( -45 , -35 )
130	( 176 , 34 )
131	( 80 , -74 )
132	( -13 , -55 )
133	( 147 , -54 )
134	( -40 , -4 )
135	( 126 , -45 )
136	( -35 , 27 )
137	( 162 , 80 )
138	( 164 , 89 )
139	( -168 , -36 )
140	( -72 , 31 )
141	( 43 , 90 )
142	( -2 , -25 )
143	( -12 , -80 )
144	( 32 , 51 )
145	( 84 , 65 )
146	( -150 , -43 )
147	( -8 , -13 )
148	( -176 , -72 )
149	( -61 , 5 )
150	( 49 , 30 )
151	( 166 , 87 )
152	( -101 , -27 )
153	( 50 , -4 )
154	( 120 , 89 )
155	( -132 , 40 )
156	( 172 , -76 )
157	( -177 , -33 )
158	( -155 , 41 )
159	( 36 , -72 )
160	( 84 , 63 )
161	( 41 , 19 )
162	( 90 , 89 )
163	( -120 , -65 )
164	( -119 , 4 )
165	( 155 , 64 )
166	( 58 , 1 )
167	( 59 , 25 )
168	( 77 , 25 )
169	( 99 , -65 )
170	( 80 , 88 )
171	( -99 , 17 )
172	( 54 , -88 )
173	( 137 , -90 )
174	( -89 , -61 )
175	( -52 , -39 )
176	( 0 , -49 )
177	( 107 , 52 )
178	( -163 , -26 )
179	( -97 , -49 )
180	( -114 , 0 )
181	( -70 , -34 )
182	( -157 , -40 )
183	( -159 , -6 )
184	( -31 , -23 )
185	( 38 , -12 )
186	( 163 , -8 )
187	( -43 , 44 )
188	( 44 , -87 )
189	( 164 , 43 )
190	( -141 , -61 )
191	( 140 , -89 )
192	( -122 , 26 )
193	( -53 , -12 )
194	( 77 , 68 )
195	( 32 , -26 )
196	( -33 , 8 )
197	( 165 , -50 )
198	( 65 , 75 )
199	( 11 , -23 )
200	( 163 , -16 )
201	( 33 , 69 )
202	( 20 , 77 )
203	( -61 , -83 )
204	( 125 , -81 )
205	( -120 , -85 )
206	( -36 , -1 )
207	( -138 , -87 )
208	( 40 , -37 )
209	( -126 , -15 )
210	( 153 , 23 )
211	( 93 , 7 )
212	( 103 , -46 )
213	( -171 , -17 )
214	( 0 , -62 )
215	( -157 , 38 )
216	( -4 , 15 )
217	( 104 , 36 )
218	( 26 , -89 )
219	( -16 , -47 )
220	( -67 , -34 )
221	( 31 , 29 )
222	( 76 , 10 )
223	( 165 , 75 )
224	( -26 , 79 )
225	( 41 , -21 )
226	( 95 , -70 )
227	( -19 , -32 )
228	( 55 , -81 )
229	( -146 , -35 )
230	( 144 , 77 )
231	( 16 , 34 )
232	( 176 , -8 )
233	( 15 , 58 )
234	( 75 , -15 )
235	( -19 , 19 )
236	( 123 , 74 )
237	( -142 , 21 )
238	( -165 , -73 )
239	( 119 , -49 )
240	( -75 , -70 )
241	( 173 , 11 )
242	( 16 , 33 )
243	( 161 , -22 )
244	( -132 , -6 )
245	( -164 , 4 )
246	( 148 , -64 )
247	( -57 , -20 )
248	( 96 , 72 )
249	( 63 , -45 )
250	( -174 , -66 )
251	( -106 , -89 )
252	( -4 , -89 )
253	( 15 , 64 )
254	( -179 , 60 )
255	( -79 , 10 )
256	( -101 , 67 )
257	( -175 , 52 )
258	( 161 , 87 )
259	( -128 , -35 )
260	( 4 , -61 )
261	( 66 , -47 )
262	( -46 , 77 )
263	( 71 , 35 )
264	( 25 , 39 )
265	( 125 , -64 )
266	( -28 , 14 )
267	( -104 , -62 )
268	( 147 , 85 )
269	( -154 , 7 )
270	( -130 , -73 )
271	( -46 , -36 )
272	( -114 , -2 )
273	( -72 , -83 )
274	( -132 , 10 )
275	( -21 , 51 )
276	( 91 , -24 )
277	( 87 , 64 )
278	( -17 , 84 )
279	( 50 , 11 )
280	( -68 , 63 )
281	( -79 , -38 )
282	( 175 , -66 )
283	( -132 , 26 )
284	( 57 , 65 )
285	( 137 , 87 )
286	( 148 , 20 )
287	( -121 , -15 )
288	( 104 , -21 )
289	( -159 , 69 )
290	( 45 , 28 )
291	( 21 , -88 )
292	( -82 , -79 )
293	( -39 , -81 )
294	( 122 , -26 )
295	( 73 , 81 )
296	( -61 , 2 )
297	( -100 , -38 )
298	( 113 , -75 )
299	( -67 , -82 )
300	( -53 , 29 )
301	( -42 , -41 )
302	( 64 , -6 )
303	( 135 , -65 )
304	( -107 , -31 )
305	( -157 , -78 )
306	( 146 , 46 )
307	( 158 , 29 )
308	( -76 , -42 )
309	( -175 , 76 )
310	( 88 , -75 )
311	( 110 , -36 )
312	( -124 , 78 )
313	( 53 , -19 )
314	( -42 , 68 )
315	( 37 , 37 )
316	( -156 , -89 )
317	( 10 , 84 )
318	( -83 , -39 )
319	( -59 , 56 )
320	( -112 , -45 )
321	( 126 , 2 )
322	( -75 , 24 )
323	( -165 , 14 )
324	( 27 , 12 )
325	( -180 , 8 )
326	( -155 , -19 )
327	( -70 , -41 )
328	( 128 , -76 )
329	( -138 , 44 )
330	( 115 , -4 )
331	( 94 , -31 )
332	( 81 , -25 )
333	( -179 , 71 )
334	( -99 , 85 )
335	( -41 , -89 )
336	( 156 , -53 )
337	( 84 , -1 )
338	( -96 , -37 )
339	( -177 , 5 )
340	( 141 , -78 )
341	( 117 , 58 )
342	( 135 , -80 )
343	( 49 , 31 )
344	( 73 , -44 )
345	( -140 , -57 )
346	( -122 , 17 )
347	( 178 , 38 )
348	( -4 , 3 )
349	( 103 , 78 )
350	( 45 , -64 )
351	( -54 , 18 )
352	( -116 , 89 )
353	( 40 , 66 )
354	( 57 , 57 )
355	( -168 , 11 )
356	( -154 , 17 )
357	( 127 , 45 )
358	( 56 , 80 )
359	( -16 , 30 )
360	( 81 , -31 )
361	( -111 , 85 )
362	( 130 , -54 )
363	( 125 , -29 )
364	( -104 , -86 )
365	( -179 , 39 )
366	( 3 , -77 )
367	( 145 , 44 )
368	( 80 , -51 )
369	( 50 , 69 )
370	( -20 , 49 )
371	( -175 , 71 )
372	( -101 , 9 )
373	( -139 , 13 )
374	( 86 , -46 )
375	( -161 , 9 )
376	( -157 , -69 )
377	( -106 , -37 )
378	( 165 , -22 )
379	( 87 , 87 )
380	( -127 , -41 )
381	( 56 , 25 )
382	( 112 , -33 )
383	( -162 , 90 )
384	( 69 , -71 )
385	( -171 , -12 )
386	( -72 , 13 )
387	( -100 , 82 )
388	( -66 , -36 )
389	( 90 , -34 )
390	( -150 , -41 )
391	( 37 , 84 )
392	( 169 , -8 )
393	( 55 , -20 )
394	( 133 , 19 )
395	( 104 , -29 )
396	( -7 , 29 )
397	( 85 , -59 )
398	( -139 , -22 )
399	( -152 , 73 )
400	( 0 , -69 )
-999
