TP400.in
400  8  999
1	( -23 , 76 )
2	( 47 , 16 )
3	( -167 , -49 )
4	( -52 , 88 )
5	( -23 , 85 )
6	( -57 , -40 )
7	( 100 , 33 )
8	( -27 , 32 )
9	( -97 , 53 )
10	( 119 , -18 )
11	( 86 , -49 )
12	( -87 , -13 )
13	( 102 , 39 )
14	( 58 , -20 )
15	( -146 , 58 )
16	( 53 , 76 )
17	( 83 , 25 )
18	( 9 , 61 )
19	( -29 , 90 )
20	( -68 , -12 )
21	( -152 , 26 )
22	( 170 , -25 )
23	( -123 , 34 )
24	( 6 , -33 )
25	( 109 , 40 )
26	( 77 , 11 )
27	( -28 , 62 )
28	( -164 , -54 )
29	( 57 , -54 )
30	( 112 , -32 )
31	( 25 , 85 )
32	( 141 , 21 )
33	( -64 , -14 )
34	( 17 , -65 )
35	( -123 , 16 )
36	( -88 , -48 )
37	( -6 , -19 )
38	( -64 , -73 )
39	( -86 , 72 )
40	( -83 , -74 )
41	( -109 , -28 )
42	( 31 , -22 )
43	( -141 , -75 )
44	( -2 , 70 )
45	( 33 , -32 )
46	( -116 , -51 )
47	( -113 , 88 )
48	( 131 , -70 )
49	( 92 , -26 )
50	( -167 , 43 )
51	( -129 , -22 )
52	( -124 , -52 )
53	( -13 , -3 )
54	( -152 , -85 )
55	( 8 , 82 )
56	( 160 , 47 )
57	( 156 , 39 )
58	( -136 , -50 )
59	( -43 , 2 )
60	( 2 , -48 )
61	( 155 , 30 )
62	( 17 , 61 )
63	( -33 , -84 )
64	( -164 , -1 )
65	( 11 , -52 )
66	( -58 , 73 )
67	( 131 , 6 )
68	( 162 , 58 )
69	( -112 , -23 )
70	( 150 , 23 )
71	( -178 , -6 )
72	( -50 , 26 )
73	( -44 , -14 )
74	( -77 , -5 )
75	( 132 , 25 )
76	( 83 , -47 )
77	( 127 , 54 )
78	( 110 , -4 )
79	( 120 , -33 )
80	( 110 , -13 )
81	( -23 , 15 )
82	( -1 , -34 )
83	( 40 , -84 )
84	( 143 , -18 )
85	( 97 , -35 )
86	( -168 , -89 )
87	( 35 , 68 )
88	( -98 , -7 )
89	( -72 , 73 )
90	( -14 , 88 )
91	( 90 , 14 )
92	( 47 , 71 )
93	( -7 , -73 )
94	( -161 , -79 )
95	( 82 , -5 )
96	( 176 , 68 )
97	( 24 , -2 )
98	( -111 , -14 )
99	( 169 , -81 )
100	( -170 , -29 )
101	( 9 , 70 )
102	( 73 , 11 )
103	( 37 , 40 )
104	( 53 , 86 )
105	( 26 , -29 )
106	( -116 , 77 )
107	( 128 , 57 )
108	( 64 , 65 )
109	( 163 , 19 )
110	( 119 , 3 )
111	( 175 , 61 )
112	( 62 , -37 )
113	( -66 , -61 )
114	( -21 , -71 )
115	( 66 , 55 )
116	( -1 , -45 )
117	( 136 , -69 )
118	( -13 , 66 )
119	( 135 , -78 )
120	( -76 , 47 )
121	( -18 , -76 )
122	( -3 , -21 )
123	( -75 , -80 )
124	( -174 , 45 )
125	( 113 , -30 )
126	( -10 , -25 )
127	( -101 , 3 )
128	( -52 , 34 )
129	( -103 , -17 )
130	( -94 , -11 )
131	( -80 , 7 )
132	( -76 , 48 )
133	( 125 , 78 )
134	( -176 , 78 )
135	( -149 , 82 )
136	( -92 , 85 )
137	( -152 , 48 )
138	( -175 , 86 )
139	( -150 , 58 )
140	( -180 , 56 )
141	( -168 , 76 )
142	( -154 , 61 )
143	( -151 , 51 )
144	( -178 , 61 )
145	( -111 , 80 )
146	( -122 , 66 )
147	( -106 , 84 )
148	( -137 , 87 )
149	( -110 , 78 )
150	( -132 , 61 )
151	( -180 , 58 )
152	( -145 , 90 )
153	( -149 , 72 )
154	( -176 , 51 )
155	( -140 , 65 )
156	( -149 , 87 )
157	( -145 , 90 )
158	( -154 , 71 )
159	( -159 , 88 )
160	( -141 , 77 )
161	( -99 , 76 )
162	( -93 , 71 )
163	( -165 , 68 )
164	( -176 , 66 )
165	( -127 , 51 )
166	( -170 , 73 )
167	( -113 , 74 )
168	( -158 , 84 )
169	( -154 , 58 )
170	( -180 , 78 )
171	( -172 , 85 )
172	( -98 , 59 )
173	( -142 , 77 )
174	( -174 , 84 )
175	( -131 , 86 )
176	( -120 , 84 )
177	( -155 , 83 )
178	( -139 , 59 )
179	( -152 , 82 )
180	( -106 , 83 )
181	( -132 , 71 )
182	( -130 , 58 )
183	( -151 , 78 )
184	( -164 , 79 )
185	( -115 , 65 )
186	( -155 , 88 )
187	( -97 , 77 )
188	( -125 , 46 )
189	( -111 , 74 )
190	( -167 , 65 )
191	( -140 , 54 )
192	( -98 , 76 )
193	( -138 , 57 )
194	( -151 , 87 )
195	( -164 , 87 )
196	( -132 , 67 )
197	( -138 , 53 )
198	( -163 , 68 )
199	( -152 , 73 )
200	( -91 , 77 )
201	( -132 , 59 )
202	( -170 , 50 )
203	( -126 , 78 )
204	( -98 , 72 )
205	( -161 , 65 )
206	( -132 , 75 )
207	( -120 , 62 )
208	( -146 , 60 )
209	( -121 , 84 )
210	( -107 , 47 )
211	( -145 , 57 )
212	( -128 , 81 )
213	( -100 , 82 )
214	( -138 , 79 )
215	( -135 , 49 )
216	( -117 , 52 )
217	( -121 , 65 )
218	( -98 , 51 )
219	( -173 , 81 )
220	( -173 , 79 )
221	( -149 , 79 )
222	( -117 , 79 )
223	( -145 , 85 )
224	( -107 , 49 )
225	( -109 , 84 )
226	( -104 , 65 )
227	( -109 , 87 )
228	( -153 , 57 )
229	( -115 , 59 )
230	( -160 , 81 )
231	( -157 , 52 )
232	( -172 , 49 )
233	( -115 , 62 )
234	( -179 , 55 )
235	( -139 , 56 )
236	( -158 , 84 )
237	( -110 , 48 )
238	( -117 , 75 )
239	( -130 , 83 )
240	( -144 , 46 )
241	( -91 , 62 )
242	( -93 , 74 )
243	( -158 , 56 )
244	( -147 , 78 )
245	( -168 , 74 )
246	( -144 , 80 )
247	( -129 , 58 )
248	( -137 , 54 )
249	( -122 , 72 )
250	( -180 , 45 )
251	( -103 , 72 )
252	( -124 , 69 )
253	( -126 , 90 )
254	( -120 , 77 )
255	( -160 , 74 )
256	( -118 , 85 )
257	( -99 , 54 )
258	( -108 , 85 )
259	( -163 , 65 )
260	( -104 , 66 )
261	( -180 , 58 )
262	( -173 , 82 )
263	( -104 , 67 )
264	( -154 , 67 )
265	( -127 , 68 )
266	( -180 , 89 )
267	( 165 , -73 )
268	( 104 , -73 )
269	( 158 , -71 )
270	( 94 , -78 )
271	( 143 , -61 )
272	( 134 , -68 )
273	( 176 , -67 )
274	( 168 , -74 )
275	( 133 , -63 )
276	( 90 , -81 )
277	( 157 , -66 )
278	( 90 , -65 )
279	( 136 , -54 )
280	( 152 , -85 )
281	( 152 , -82 )
282	( 101 , -58 )
283	( 148 , -58 )
284	( 95 , -67 )
285	( 93 , -72 )
286	( 101 , -56 )
287	( 126 , -64 )
288	( 170 , -75 )
289	( 162 , -64 )
290	( 168 , -75 )
291	( 147 , -49 )
292	( 91 , -46 )
293	( 135 , -55 )
294	( 110 , -77 )
295	( 124 , -64 )
296	( 170 , -48 )
297	( 157 , -49 )
298	( 143 , -72 )
299	( 138 , -56 )
300	( 166 , -81 )
301	( 131 , -75 )
302	( 120 , -88 )
303	( 134 , -79 )
304	( 163 , -83 )
305	( 149 , -61 )
306	( 159 , -49 )
307	( 176 , -75 )
308	( 134 , -56 )
309	( 104 , -84 )
310	( 110 , -52 )
311	( 135 , -56 )
312	( 102 , -71 )
313	( 137 , -82 )
314	( 91 , -70 )
315	( 180 , -69 )
316	( 164 , -89 )
317	( 157 , -62 )
318	( 170 , -77 )
319	( 143 , -48 )
320	( 135 , -79 )
321	( 179 , -87 )
322	( 147 , -58 )
323	( 165 , -47 )
324	( 179 , -73 )
325	( 130 , -54 )
326	( 112 , -73 )
327	( 138 , -90 )
328	( 155 , -60 )
329	( 108 , -50 )
330	( 139 , -77 )
331	( 110 , -75 )
332	( 105 , -82 )
333	( 165 , -58 )
334	( 106 , -76 )
335	( 132 , -82 )
336	( 105 , -81 )
337	( 149 , -47 )
338	( 168 , -71 )
339	( 102 , -72 )
340	( 145 , -65 )
341	( 108 , -62 )
342	( 91 , -83 )
343	( 110 , -71 )
344	( 135 , -57 )
345	( 173 , -82 )
346	( 98 , -59 )
347	( 127 , -82 )
348	( 92 , -62 )
349	( 172 , -71 )
350	( 170 , -86 )
351	( 161 , -61 )
352	( 173 , -79 )
353	( 149 , -89 )
354	( 156 , -65 )
355	( 103 , -77 )
356	( 140 , -55 )
357	( 115 , -46 )
358	( 99 , -64 )
359	( 120 , -46 )
360	( 177 , -73 )
361	( 110 , -71 )
362	( 126 , -78 )
363	( 99 , -69 )
364	( 163 , -70 )
365	( 176 , -81 )
366	( 138 , -59 )
367	( 137 , -68 )
368	( 160 , -66 )
369	( 155 , -56 )
370	( 137 , -82 )
371	( 154 , -48 )
372	( 144 , -62 )
373	( 148 , -77 )
374	( 127 , -71 )
375	( 98 , -71 )
376	( 117 , -49 )
377	( 133 , -68 )
378	( 170 , -74 )
379	( 114 , -62 )
380	( 104 , -82 )
381	( 110 , -78 )
382	( 145 , -49 )
383	( 159 , -52 )
384	( 113 , -55 )
385	( 108 , -65 )
386	( 170 , -64 )
387	( 132 , -56 )
388	( 152 , -78 )
389	( 165 , -56 )
390	( 147 , -55 )
391	( 94 , -74 )
392	( 123 , -67 )
393	( 173 , -63 )
394	( 109 , -89 )
395	( 146 , -72 )
396	( 114 , -87 )
397	( 144 , -75 )
398	( 177 , -71 )
399	( 120 , -60 )
400	( 168 , -55 )
-999


[-180,-90],[45,90]
[90,180],[-90,-45]