TP400.in
400  8  999
1	( -73 , -73 )
2	( -179 , -42 )
3	( -175 , 2 )
4	( -65 , -61 )
5	( 15 , 13 )
6	( -172 , -52 )
7	( -70 , -63 )
8	( 123 , -18 )
9	( 53 , -25 )
10	( 90 , 48 )
11	( -61 , 17 )
12	( -146 , -40 )
13	( -54 , 32 )
14	( 146 , -39 )
15	( -20 , -59 )
16	( -15 , -15 )
17	( -69 , 27 )
18	( -8 , 29 )
19	( -96 , 5 )
20	( 155 , -84 )
21	( 29 , 3 )
22	( -103 , 64 )
23	( -143 , -78 )
24	( -83 , 89 )
25	( -33 , 61 )
26	( 119 , 65 )
27	( -133 , 18 )
28	( 158 , 37 )
29	( 180 , 41 )
30	( 150 , -29 )
31	( 38 , -84 )
32	( 80 , -24 )
33	( -139 , 19 )
34	( 145 , 28 )
35	( 63 , -58 )
36	( -121 , -69 )
37	( -25 , 39 )
38	( -115 , 57 )
39	( -45 , -46 )
40	( -117 , -39 )
41	( -34 , 74 )
42	( 135 , 19 )
43	( -56 , 17 )
44	( -78 , 38 )
45	( 77 , 49 )
46	( 58 , 2 )
47	( 42 , 16 )
48	( -25 , 9 )
49	( 106 , 63 )
50	( 86 , -1 )
51	( -121 , 21 )
52	( -65 , -49 )
53	( 62 , 38 )
54	( -25 , -14 )
55	( -30 , -69 )
56	( -62 , 46 )
57	( 18 , 23 )
58	( 156 , 35 )
59	( -123 , -70 )
60	( -171 , 3 )
61	( -65 , -56 )
62	( 159 , 73 )
63	( 8 , 28 )
64	( 0 , 62 )
65	( -79 , 24 )
66	( -173 , 6 )
67	( 2 , 32 )
68	( -137 , 52 )
69	( 33 , 27 )
70	( 157 , 24 )
71	( -120 , 66 )
72	( -74 , 17 )
73	( -20 , 73 )
74	( 166 , 88 )
75	( 57 , 43 )
76	( -40 , 33 )
77	( 116 , -51 )
78	( -117 , 86 )
79	( 63 , -15 )
80	( 74 , -87 )
81	( -164 , 74 )
82	( -169 , 82 )
83	( -173 , 82 )
84	( -160 , 85 )
85	( -140 , 55 )
86	( -172 , 70 )
87	( -166 , 66 )
88	( -152 , 68 )
89	( -109 , 64 )
90	( -144 , 75 )
91	( -125 , 71 )
92	( -166 , 72 )
93	( -161 , 63 )
94	( -124 , 61 )
95	( -140 , 56 )
96	( -171 , 57 )
97	( -105 , 87 )
98	( -147 , 73 )
99	( -122 , 71 )
100	( -141 , 76 )
101	( -128 , 53 )
102	( -142 , 71 )
103	( -130 , 85 )
104	( -140 , 67 )
105	( -111 , 79 )
106	( -174 , 63 )
107	( -104 , 53 )
108	( -155 , 78 )
109	( -148 , 74 )
110	( -138 , 81 )
111	( -173 , 89 )
112	( -151 , 64 )
113	( -178 , 88 )
114	( -135 , 60 )
115	( -103 , 81 )
116	( -122 , 65 )
117	( -112 , 83 )
118	( -103 , 74 )
119	( -178 , 77 )
120	( -108 , 65 )
121	( -113 , 61 )
122	( -147 , 82 )
123	( -175 , 82 )
124	( -163 , 85 )
125	( -133 , 79 )
126	( -166 , 55 )
127	( -102 , 80 )
128	( -136 , 78 )
129	( -123 , 54 )
130	( -142 , 79 )
131	( -156 , 59 )
132	( -144 , 53 )
133	( -101 , 78 )
134	( -142 , 56 )
135	( -171 , 79 )
136	( -128 , 79 )
137	( -126 , 56 )
138	( -107 , 83 )
139	( -137 , 74 )
140	( -157 , 60 )
141	( -123 , 79 )
142	( -127 , 60 )
143	( -133 , 74 )
144	( -148 , 54 )
145	( -160 , 61 )
146	( -110 , 87 )
147	( -165 , 58 )
148	( -176 , 74 )
149	( -114 , 63 )
150	( -117 , 65 )
151	( -156 , 52 )
152	( -121 , 86 )
153	( -176 , 68 )
154	( -145 , 83 )
155	( -115 , 80 )
156	( -170 , 55 )
157	( -115 , 59 )
158	( -101 , 74 )
159	( -135 , 58 )
160	( -141 , 66 )
161	( 123 , 64 )
162	( 172 , 84 )
163	( 167 , 80 )
164	( 143 , 69 )
165	( 108 , 63 )
166	( 179 , 59 )
167	( 164 , 87 )
168	( 175 , 76 )
169	( 178 , 82 )
170	( 115 , 56 )
171	( 112 , 74 )
172	( 124 , 70 )
173	( 111 , 80 )
174	( 107 , 89 )
175	( 116 , 68 )
176	( 102 , 75 )
177	( 166 , 66 )
178	( 106 , 89 )
179	( 113 , 86 )
180	( 103 , 62 )
181	( 173 , 89 )
182	( 156 , 70 )
183	( 162 , 87 )
184	( 127 , 87 )
185	( 124 , 64 )
186	( 150 , 82 )
187	( 100 , 64 )
188	( 120 , 78 )
189	( 104 , 65 )
190	( 156 , 53 )
191	( 152 , 74 )
192	( 122 , 76 )
193	( 123 , 64 )
194	( 132 , 66 )
195	( 168 , 90 )
196	( 138 , 53 )
197	( 160 , 85 )
198	( 119 , 57 )
199	( 172 , 83 )
200	( 159 , 59 )
201	( 133 , 57 )
202	( 152 , 85 )
203	( 167 , 60 )
204	( 150 , 69 )
205	( 111 , 65 )
206	( 172 , 82 )
207	( 116 , 89 )
208	( 153 , 63 )
209	( 155 , 52 )
210	( 116 , 67 )
211	( 141 , 87 )
212	( 104 , 63 )
213	( 170 , 72 )
214	( 103 , 55 )
215	( 109 , 52 )
216	( 165 , 60 )
217	( 153 , 69 )
218	( 154 , 68 )
219	( 176 , 66 )
220	( 165 , 51 )
221	( 158 , 87 )
222	( 121 , 69 )
223	( 106 , 78 )
224	( 170 , 82 )
225	( 117 , 87 )
226	( 140 , 84 )
227	( 148 , 62 )
228	( 158 , 69 )
229	( 110 , 63 )
230	( 180 , 61 )
231	( 116 , 70 )
232	( 129 , 53 )
233	( 145 , 76 )
234	( 110 , 80 )
235	( 122 , 58 )
236	( 131 , 61 )
237	( 119 , 56 )
238	( 156 , 74 )
239	( 153 , 74 )
240	( 119 , 57 )
241	( -126 , -81 )
242	( -107 , -83 )
243	( -135 , -51 )
244	( -128 , -76 )
245	( -121 , -83 )
246	( -154 , -66 )
247	( -147 , -69 )
248	( -113 , -81 )
249	( -135 , -83 )
250	( -108 , -73 )
251	( -135 , -85 )
252	( -140 , -90 )
253	( -138 , -82 )
254	( -134 , -73 )
255	( -133 , -85 )
256	( -115 , -69 )
257	( -174 , -58 )
258	( -132 , -52 )
259	( -135 , -84 )
260	( -140 , -67 )
261	( -101 , -60 )
262	( -101 , -87 )
263	( -111 , -60 )
264	( -112 , -62 )
265	( -155 , -72 )
266	( -179 , -71 )
267	( -126 , -58 )
268	( -132 , -68 )
269	( -122 , -54 )
270	( -127 , -77 )
271	( -149 , -82 )
272	( -120 , -66 )
273	( -151 , -59 )
274	( -138 , -66 )
275	( -107 , -55 )
276	( -127 , -74 )
277	( -127 , -77 )
278	( -146 , -58 )
279	( -170 , -74 )
280	( -169 , -60 )
281	( -151 , -56 )
282	( -171 , -85 )
283	( -171 , -77 )
284	( -111 , -79 )
285	( -164 , -89 )
286	( -163 , -64 )
287	( -141 , -84 )
288	( -166 , -59 )
289	( -180 , -75 )
290	( -123 , -87 )
291	( -162 , -81 )
292	( -117 , -73 )
293	( -117 , -66 )
294	( -116 , -77 )
295	( -151 , -58 )
296	( -147 , -78 )
297	( -119 , -54 )
298	( -102 , -69 )
299	( -173 , -65 )
300	( -141 , -90 )
301	( -107 , -80 )
302	( -148 , -56 )
303	( -128 , -90 )
304	( -108 , -70 )
305	( -169 , -65 )
306	( -117 , -61 )
307	( -125 , -88 )
308	( -138 , -85 )
309	( -175 , -64 )
310	( -154 , -71 )
311	( -137 , -69 )
312	( -108 , -75 )
313	( -131 , -54 )
314	( -109 , -67 )
315	( -166 , -64 )
316	( -125 , -75 )
317	( -109 , -62 )
318	( -167 , -51 )
319	( -114 , -54 )
320	( -118 , -59 )
321	( 157 , -79 )
322	( 116 , -62 )
323	( 101 , -63 )
324	( 149 , -62 )
325	( 130 , -56 )
326	( 137 , -73 )
327	( 123 , -51 )
328	( 137 , -75 )
329	( 128 , -90 )
330	( 120 , -60 )
331	( 108 , -78 )
332	( 126 , -71 )
333	( 177 , -74 )
334	( 169 , -51 )
335	( 171 , -69 )
336	( 123 , -85 )
337	( 172 , -69 )
338	( 164 , -80 )
339	( 126 , -83 )
340	( 130 , -53 )
341	( 123 , -83 )
342	( 116 , -77 )
343	( 115 , -80 )
344	( 107 , -55 )
345	( 119 , -59 )
346	( 151 , -58 )
347	( 154 , -89 )
348	( 155 , -75 )
349	( 178 , -62 )
350	( 161 , -66 )
351	( 167 , -65 )
352	( 166 , -57 )
353	( 144 , -78 )
354	( 143 , -61 )
355	( 116 , -82 )
356	( 105 , -84 )
357	( 151 , -78 )
358	( 137 , -54 )
359	( 109 , -51 )
360	( 123 , -63 )
361	( 125 , -52 )
362	( 160 , -87 )
363	( 173 , -71 )
364	( 138 , -56 )
365	( 169 , -74 )
366	( 123 , -66 )
367	( 133 , -59 )
368	( 109 , -64 )
369	( 129 , -76 )
370	( 163 , -55 )
371	( 158 , -77 )
372	( 155 , -89 )
373	( 158 , -72 )
374	( 114 , -76 )
375	( 146 , -60 )
376	( 121 , -51 )
377	( 134 , -88 )
378	( 122 , -56 )
379	( 171 , -61 )
380	( 175 , -88 )
381	( 168 , -63 )
382	( 171 , -59 )
383	( 174 , -72 )
384	( 160 , -56 )
385	( 115 , -59 )
386	( 144 , -61 )
387	( 116 , -74 )
388	( 178 , -52 )
389	( 122 , -62 )
390	( 130 , -73 )
391	( 124 , -86 )
392	( 123 , -87 )
393	( 112 , -78 )
394	( 114 , -77 )
395	( 140 , -81 )
396	( 163 , -65 )
397	( 135 , -62 )
398	( 102 , -88 )
399	( 137 , -55 )
400	( 109 , -80 )
-999
[-180,-100],[50,90]
[-180,-100],[-90,50]
[100,180],[50,90]
[100,180],[-90,-50]