TP450.in
450  9  999
1	( 97 , -86 )
2	( -63 , -38 )
3	( 86 , -23 )
4	( 179 , -19 )
5	( 45 , 79 )
6	( 13 , -45 )
7	( -159 , -56 )
8	( -20 , 5 )
9	( 76 , 35 )
10	( -147 , -6 )
11	( 155 , -1 )
12	( 3 , 46 )
13	( -127 , -64 )
14	( -31 , -70 )
15	( -90 , -64 )
16	( 5 , 43 )
17	( -65 , -21 )
18	( 36 , 52 )
19	( -45 , 29 )
20	( -32 , -88 )
21	( -161 , -53 )
22	( -15 , 16 )
23	( 156 , 55 )
24	( -108 , -51 )
25	( -59 , -61 )
26	( -117 , -34 )
27	( -56 , -22 )
28	( -177 , -41 )
29	( 5 , 14 )
30	( -129 , 17 )
31	( 165 , 70 )
32	( -127 , -4 )
33	( -28 , 54 )
34	( 155 , 31 )
35	( 33 , 28 )
36	( -126 , -81 )
37	( -79 , -76 )
38	( -32 , 40 )
39	( -167 , 76 )
40	( 115 , -28 )
41	( 160 , -56 )
42	( 99 , -75 )
43	( 170 , -54 )
44	( -38 , 80 )
45	( -45 , -31 )
46	( -82 , 54 )
47	( 6 , 58 )
48	( -160 , -60 )
49	( -158 , 87 )
50	( -122 , -66 )
51	( 134 , 5 )
52	( 47 , 33 )
53	( -176 , -68 )
54	( -170 , -42 )
55	( 170 , -38 )
56	( -96 , 17 )
57	( 92 , 53 )
58	( 54 , 48 )
59	( -140 , -79 )
60	( 3 , -51 )
61	( -35 , 89 )
62	( -73 , -43 )
63	( -42 , -27 )
64	( 12 , -7 )
65	( -173 , -47 )
66	( 57 , -80 )
67	( 93 , 33 )
68	( -8 , -16 )
69	( 23 , -74 )
70	( -154 , 63 )
71	( -118 , -68 )
72	( 169 , -75 )
73	( -148 , 33 )
74	( -164 , 40 )
75	( -119 , -37 )
76	( -160 , -90 )
77	( -10 , 80 )
78	( 84 , 69 )
79	( -98 , -25 )
80	( -73 , 29 )
81	( 33 , 12 )
82	( -92 , 41 )
83	( 48 , -58 )
84	( 121 , -77 )
85	( -65 , -48 )
86	( -109 , -87 )
87	( 176 , 29 )
88	( -163 , -41 )
89	( -173 , -52 )
90	( -118 , 37 )
91	( -69 , 56 )
92	( -75 , 41 )
93	( -113 , 29 )
94	( 30 , 57 )
95	( 162 , 17 )
96	( -114 , -54 )
97	( 107 , -15 )
98	( -88 , 19 )
99	( 138 , -47 )
100	( -17 , 75 )
101	( 125 , 85 )
102	( -35 , 78 )
103	( -146 , -84 )
104	( -176 , 56 )
105	( 142 , -8 )
106	( 129 , -88 )
107	( -112 , 17 )
108	( -53 , 51 )
109	( -81 , 3 )
110	( 15 , 86 )
111	( 35 , -87 )
112	( -136 , 40 )
113	( -162 , 90 )
114	( -100 , 13 )
115	( -34 , -10 )
116	( -38 , 51 )
117	( 95 , -43 )
118	( 129 , -30 )
119	( -33 , -25 )
120	( 48 , -63 )
121	( 52 , 49 )
122	( 152 , -1 )
123	( 86 , -60 )
124	( -177 , -54 )
125	( -158 , -4 )
126	( -62 , -25 )
127	( 72 , -4 )
128	( -67 , 59 )
129	( 126 , 33 )
130	( 137 , -73 )
131	( 113 , -11 )
132	( -34 , -9 )
133	( -157 , -77 )
134	( -89 , 78 )
135	( 85 , -88 )
136	( -47 , 75 )
137	( 139 , -20 )
138	( -61 , 59 )
139	( -146 , 24 )
140	( 175 , 69 )
141	( 177 , -87 )
142	( 3 , 78 )
143	( -139 , -85 )
144	( -151 , -39 )
145	( 162 , -85 )
146	( -5 , 41 )
147	( -7 , 6 )
148	( -59 , -54 )
149	( -49 , -5 )
150	( -26 , 29 )
151	( 151 , -76 )
152	( -12 , -82 )
153	( -142 , -16 )
154	( -8 , -35 )
155	( -127 , -2 )
156	( 84 , -51 )
157	( 71 , 90 )
158	( -142 , 53 )
159	( 156 , -4 )
160	( -59 , -84 )
161	( 179 , 84 )
162	( 174 , 37 )
163	( 11 , 26 )
164	( -23 , -27 )
165	( -161 , -68 )
166	( -14 , 23 )
167	( -107 , -32 )
168	( 168 , 74 )
169	( 19 , -7 )
170	( 117 , 37 )
171	( 18 , 50 )
172	( -130 , -7 )
173	( -73 , -42 )
174	( -170 , -3 )
175	( -25 , 8 )
176	( -82 , 70 )
177	( -132 , -20 )
178	( 60 , 82 )
179	( -145 , 48 )
180	( 6 , -7 )
181	( 172 , -67 )
182	( -89 , -87 )
183	( -171 , -71 )
184	( -175 , -23 )
185	( -169 , -55 )
186	( -93 , -6 )
187	( 55 , 24 )
188	( -5 , -50 )
189	( 118 , 4 )
190	( -34 , -43 )
191	( 41 , 82 )
192	( 152 , 2 )
193	( 127 , 13 )
194	( -3 , 56 )
195	( 56 , -88 )
196	( 113 , 52 )
197	( 161 , -25 )
198	( 81 , -14 )
199	( 8 , -69 )
200	( -24 , -56 )
201	( -90 , 28 )
202	( -17 , -48 )
203	( -72 , 55 )
204	( -95 , 0 )
205	( 146 , -10 )
206	( -136 , 14 )
207	( -52 , -45 )
208	( 126 , -86 )
209	( -105 , 44 )
210	( -120 , -8 )
211	( 41 , -54 )
212	( 80 , -87 )
213	( -42 , -9 )
214	( 8 , -38 )
215	( 148 , -79 )
216	( 72 , 38 )
217	( -149 , -52 )
218	( -175 , 83 )
219	( 0 , 34 )
220	( -104 , -81 )
221	( -59 , 89 )
222	( 147 , -53 )
223	( 141 , -48 )
224	( -24 , 35 )
225	( 4 , 36 )
226	( -104 , 51 )
227	( 162 , 87 )
228	( 28 , -82 )
229	( 157 , -12 )
230	( 127 , 63 )
231	( -80 , 81 )
232	( 32 , 62 )
233	( 89 , -16 )
234	( -4 , -65 )
235	( -95 , 71 )
236	( 9 , 4 )
237	( 10 , -69 )
238	( -138 , 22 )
239	( -73 , 2 )
240	( -135 , -64 )
241	( -174 , 59 )
242	( 101 , -53 )
243	( 128 , 76 )
244	( 94 , -71 )
245	( 50 , 85 )
246	( -171 , -78 )
247	( 120 , -24 )
248	( 98 , -20 )
249	( -34 , -78 )
250	( -13 , -4 )
251	( 89 , -37 )
252	( -15 , 22 )
253	( -117 , 34 )
254	( -89 , 60 )
255	( 131 , 83 )
256	( 90 , -14 )
257	( -70 , 37 )
258	( 118 , -9 )
259	( -120 , -22 )
260	( 175 , 59 )
261	( 54 , -22 )
262	( 1 , -42 )
263	( 132 , -8 )
264	( 69 , -61 )
265	( -55 , 41 )
266	( -103 , -49 )
267	( -163 , 27 )
268	( -36 , 41 )
269	( -47 , -62 )
270	( -168 , -60 )
271	( 60 , 78 )
272	( -92 , 33 )
273	( -102 , 19 )
274	( 94 , -67 )
275	( 14 , -33 )
276	( -100 , -86 )
277	( -151 , 25 )
278	( 119 , -24 )
279	( 105 , -56 )
280	( 92 , 40 )
281	( 179 , -74 )
282	( -6 , -66 )
283	( 87 , 3 )
284	( -46 , 29 )
285	( -70 , -72 )
286	( -151 , -89 )
287	( -56 , 58 )
288	( -123 , 40 )
289	( -132 , 58 )
290	( -162 , -43 )
291	( 72 , 11 )
292	( 45 , -85 )
293	( 1 , -56 )
294	( -127 , -16 )
295	( 115 , -85 )
296	( 156 , -58 )
297	( -36 , -33 )
298	( -119 , 14 )
299	( -19 , -71 )
300	( 159 , 36 )
301	( -98 , -73 )
302	( 117 , -12 )
303	( -95 , -52 )
304	( 66 , -43 )
305	( -8 , -71 )
306	( -97 , 85 )
307	( -131 , -1 )
308	( -173 , -12 )
309	( -12 , -8 )
310	( 48 , 10 )
311	( -47 , 84 )
312	( 123 , -41 )
313	( -119 , 73 )
314	( 40 , -85 )
315	( 53 , 15 )
316	( -82 , -86 )
317	( 137 , -27 )
318	( -169 , 18 )
319	( 86 , -56 )
320	( 106 , -38 )
321	( 2 , 70 )
322	( 156 , 38 )
323	( 109 , 83 )
324	( -165 , 74 )
325	( -74 , 43 )
326	( -140 , 89 )
327	( -8 , -20 )
328	( -62 , -42 )
329	( -87 , 9 )
330	( -85 , -30 )
331	( 37 , 27 )
332	( 42 , 72 )
333	( 121 , -53 )
334	( -147 , 52 )
335	( -14 , -14 )
336	( 71 , -41 )
337	( 59 , -29 )
338	( -164 , -3 )
339	( -170 , -67 )
340	( -10 , -53 )
341	( 130 , 37 )
342	( 85 , 75 )
343	( -10 , -39 )
344	( 17 , -2 )
345	( -172 , 48 )
346	( -58 , -56 )
347	( 153 , -7 )
348	( 68 , 64 )
349	( -83 , -84 )
350	( 136 , 17 )
351	( 133 , -44 )
352	( -20 , 68 )
353	( -166 , 61 )
354	( -62 , -66 )
355	( -57 , 62 )
356	( -95 , -67 )
357	( -152 , -80 )
358	( -10 , 72 )
359	( 150 , 37 )
360	( -27 , 10 )
361	( 57 , 18 )
362	( 95 , 36 )
363	( -152 , 1 )
364	( -54 , -54 )
365	( 55 , -56 )
366	( -103 , 89 )
367	( -89 , 68 )
368	( -58 , 19 )
369	( -87 , 65 )
370	( 134 , 25 )
371	( 164 , -16 )
372	( -126 , -58 )
373	( 10 , -52 )
374	( -141 , 66 )
375	( 175 , 52 )
376	( 158 , 12 )
377	( 41 , -32 )
378	( 158 , -42 )
379	( -2 , 45 )
380	( 106 , 6 )
381	( -6 , -68 )
382	( -5 , -64 )
383	( 47 , -46 )
384	( 135 , -54 )
385	( 78 , 67 )
386	( 51 , -80 )
387	( 120 , 52 )
388	( 36 , -46 )
389	( -17 , 15 )
390	( -120 , 67 )
391	( -38 , -3 )
392	( -102 , 66 )
393	( -89 , 27 )
394	( -44 , 78 )
395	( 159 , -77 )
396	( -140 , 2 )
397	( -156 , -29 )
398	( -125 , 59 )
399	( 154 , -90 )
400	( 18 , -39 )
401	( -58 , 74 )
402	( -127 , -69 )
403	( -128 , 69 )
404	( 84 , 59 )
405	( 81 , 34 )
406	( 114 , 74 )
407	( 29 , 77 )
408	( -131 , 90 )
409	( 147 , 22 )
410	( 142 , 87 )
411	( 132 , 80 )
412	( -86 , 26 )
413	( 92 , -66 )
414	( 177 , -1 )
415	( 49 , 49 )
416	( -64 , -9 )
417	( -169 , 70 )
418	( 11 , -2 )
419	( -59 , -72 )
420	( 78 , -23 )
421	( 150 , 10 )
422	( -105 , -45 )
423	( -87 , -54 )
424	( 155 , -65 )
425	( -108 , -63 )
426	( 152 , -36 )
427	( -142 , 12 )
428	( -30 , -19 )
429	( 53 , 1 )
430	( -50 , -88 )
431	( 142 , -47 )
432	( -113 , 82 )
433	( -48 , -25 )
434	( 136 , 35 )
435	( -37 , 27 )
436	( 59 , 56 )
437	( 146 , 4 )
438	( -156 , -34 )
439	( 84 , -89 )
440	( -42 , 10 )
441	( -107 , 63 )
442	( -74 , -3 )
443	( 126 , -87 )
444	( -57 , -6 )
445	( -10 , -66 )
446	( 123 , 60 )
447	( 86 , 37 )
448	( -7 , 32 )
449	( -48 , -44 )
450	( 139 , 71 )
-999
