TP500.in
500  9  999
1	( -156 , 30 )
2	( -37 , 39 )
3	( 29 , 65 )
4	( -10 , 42 )
5	( -7 , 14 )
6	( 117 , -63 )
7	( 110 , -51 )
8	( 30 , -8 )
9	( -124 , 74 )
10	( 104 , 40 )
11	( 67 , 68 )
12	( -48 , 50 )
13	( 145 , -18 )
14	( -173 , -35 )
15	( -57 , -31 )
16	( 4 , -10 )
17	( 121 , 75 )
18	( 109 , -35 )
19	( -91 , -26 )
20	( 114 , 50 )
21	( -6 , 32 )
22	( -143 , -50 )
23	( -75 , -80 )
24	( -145 , -69 )
25	( 27 , 17 )
26	( -164 , 67 )
27	( -91 , 41 )
28	( 12 , -56 )
29	( -74 , 22 )
30	( 112 , -58 )
31	( 122 , -60 )
32	( -40 , -63 )
33	( -157 , -22 )
34	( -66 , 70 )
35	( -30 , -40 )
36	( -106 , 54 )
37	( -146 , -89 )
38	( -94 , -89 )
39	( 98 , -64 )
40	( -6 , 63 )
41	( -73 , 73 )
42	( 83 , 45 )
43	( -78 , 26 )
44	( -109 , -71 )
45	( -43 , 20 )
46	( -177 , 23 )
47	( 17 , 24 )
48	( 159 , -33 )
49	( -77 , 82 )
50	( -124 , 75 )
51	( 86 , -52 )
52	( 74 , -37 )
53	( -41 , -45 )
54	( 99 , -48 )
55	( -5 , 5 )
56	( -28 , -63 )
57	( -131 , 84 )
58	( 138 , 79 )
59	( -23 , 26 )
60	( 132 , -14 )
61	( -115 , -53 )
62	( 3 , 56 )
63	( -83 , 14 )
64	( -91 , -7 )
65	( -155 , 76 )
66	( 79 , 58 )
67	( 177 , 13 )
68	( -141 , -74 )
69	( -110 , -12 )
70	( -49 , -84 )
71	( 133 , 83 )
72	( 45 , 64 )
73	( -113 , 65 )
74	( -3 , 15 )
75	( 91 , -90 )
76	( 138 , 26 )
77	( -149 , 42 )
78	( 84 , 5 )
79	( 73 , 72 )
80	( -171 , 55 )
81	( 180 , -33 )
82	( -121 , 12 )
83	( 111 , 19 )
84	( -123 , 12 )
85	( 129 , 53 )
86	( 87 , -90 )
87	( -80 , 60 )
88	( 20 , -50 )
89	( 30 , 28 )
90	( 43 , -16 )
91	( -149 , 30 )
92	( 75 , -78 )
93	( -167 , -77 )
94	( 83 , -44 )
95	( 122 , 14 )
96	( -41 , -37 )
97	( -34 , 10 )
98	( -167 , 10 )
99	( 106 , -80 )
100	( -164 , 15 )
101	( 72 , 77 )
102	( 82 , 83 )
103	( -87 , 69 )
104	( -48 , -44 )
105	( -116 , 2 )
106	( 161 , -82 )
107	( -80 , 21 )
108	( 79 , -30 )
109	( 39 , -73 )
110	( 10 , 42 )
111	( 134 , 73 )
112	( 83 , -40 )
113	( -33 , -10 )
114	( 34 , 40 )
115	( 106 , -90 )
116	( -26 , 4 )
117	( 40 , -84 )
118	( 76 , -61 )
119	( 159 , 45 )
120	( 112 , -62 )
121	( 74 , -5 )
122	( -153 , -31 )
123	( 48 , -29 )
124	( -173 , 53 )
125	( 122 , 37 )
126	( 161 , 36 )
127	( 11 , -34 )
128	( 77 , 53 )
129	( -110 , -9 )
130	( 18 , 57 )
131	( -78 , 26 )
132	( -13 , -58 )
133	( -150 , -14 )
134	( -23 , -46 )
135	( 146 , 10 )
136	( -38 , 65 )
137	( -77 , -23 )
138	( -170 , -18 )
139	( 119 , -18 )
140	( 52 , -78 )
141	( -28 , 55 )
142	( 139 , -74 )
143	( -160 , 41 )
144	( 177 , -36 )
145	( -64 , 75 )
146	( 170 , -2 )
147	( -109 , 89 )
148	( 134 , -80 )
149	( -177 , 72 )
150	( -92 , -53 )
151	( 145 , 50 )
152	( 140 , -39 )
153	( -69 , -75 )
154	( -32 , -61 )
155	( -79 , -34 )
156	( 169 , 53 )
157	( 110 , -3 )
158	( -39 , -3 )
159	( 95 , -23 )
160	( -136 , -26 )
161	( -25 , -65 )
162	( 152 , 88 )
163	( 30 , 73 )
164	( 58 , -37 )
165	( -1 , 85 )
166	( -40 , 78 )
167	( -124 , -12 )
168	( -120 , 27 )
169	( 150 , 18 )
170	( 102 , 85 )
171	( -67 , 60 )
172	( -174 , -89 )
173	( 162 , -59 )
174	( 67 , 39 )
175	( 36 , -20 )
176	( -73 , 25 )
177	( 99 , 70 )
178	( 100 , 48 )
179	( 128 , 72 )
180	( 72 , -17 )
181	( -26 , -69 )
182	( 59 , -34 )
183	( 153 , -84 )
184	( 50 , -24 )
185	( -66 , 44 )
186	( 23 , -61 )
187	( 33 , -63 )
188	( -166 , 18 )
189	( -137 , 74 )
190	( -166 , -17 )
191	( -102 , 80 )
192	( 70 , -71 )
193	( 63 , 46 )
194	( -124 , -42 )
195	( 57 , -17 )
196	( 105 , -87 )
197	( 144 , -22 )
198	( 15 , -55 )
199	( -120 , 38 )
200	( -150 , 75 )
201	( 14 , -33 )
202	( -36 , 64 )
203	( 118 , -66 )
204	( -165 , 22 )
205	( 126 , -59 )
206	( 52 , 81 )
207	( 130 , -38 )
208	( -112 , -3 )
209	( -27 , 10 )
210	( 49 , -60 )
211	( 137 , -23 )
212	( 75 , 75 )
213	( 164 , 9 )
214	( -86 , -51 )
215	( 40 , 62 )
216	( -24 , -16 )
217	( 117 , -68 )
218	( 134 , 72 )
219	( 16 , 61 )
220	( -79 , 7 )
221	( 76 , 6 )
222	( -30 , -3 )
223	( 94 , 63 )
224	( -123 , 20 )
225	( -113 , -80 )
226	( 98 , 20 )
227	( -154 , 75 )
228	( -168 , -60 )
229	( 40 , -2 )
230	( 145 , -40 )
231	( 134 , 59 )
232	( -177 , -89 )
233	( 88 , -49 )
234	( -137 , 42 )
235	( -28 , -38 )
236	( 158 , 16 )
237	( -82 , -73 )
238	( -14 , -28 )
239	( 164 , -50 )
240	( -125 , -71 )
241	( -40 , 28 )
242	( -170 , 9 )
243	( -155 , 58 )
244	( -58 , 74 )
245	( -147 , 37 )
246	( -77 , -80 )
247	( 158 , -90 )
248	( 61 , 69 )
249	( 9 , -16 )
250	( 86 , 5 )
251	( 82 , -13 )
252	( -113 , 72 )
253	( -136 , -57 )
254	( -58 , 86 )
255	( -16 , 35 )
256	( -103 , -21 )
257	( -60 , 53 )
258	( 141 , -51 )
259	( 108 , -7 )
260	( 157 , 76 )
261	( 142 , -52 )
262	( 51 , 40 )
263	( -179 , 69 )
264	( 54 , -41 )
265	( -27 , 14 )
266	( 115 , 8 )
267	( -5 , 23 )
268	( -43 , 84 )
269	( -12 , -67 )
270	( -27 , 70 )
271	( -7 , -25 )
272	( -16 , -18 )
273	( -4 , 73 )
274	( 81 , -64 )
275	( -140 , -9 )
276	( -150 , -79 )
277	( -9 , 57 )
278	( 49 , 3 )
279	( 103 , -6 )
280	( 141 , -46 )
281	( 13 , -78 )
282	( 18 , 68 )
283	( 135 , 31 )
284	( 143 , 38 )
285	( -31 , 77 )
286	( 91 , 30 )
287	( -168 , -81 )
288	( -21 , 5 )
289	( 92 , -47 )
290	( -98 , -72 )
291	( -124 , 1 )
292	( -123 , 86 )
293	( -2 , 46 )
294	( -156 , 31 )
295	( 176 , 66 )
296	( -116 , 90 )
297	( -94 , -57 )
298	( -55 , -16 )
299	( 113 , 14 )
300	( 10 , 58 )
301	( -179 , -88 )
302	( 83 , -57 )
303	( 72 , -15 )
304	( -170 , -13 )
305	( -45 , -71 )
306	( 94 , 8 )
307	( -94 , 52 )
308	( -148 , -85 )
309	( 148 , 14 )
310	( -43 , -69 )
311	( 37 , -50 )
312	( 80 , 9 )
313	( 90 , 46 )
314	( -27 , 64 )
315	( 73 , -86 )
316	( 78 , -59 )
317	( 77 , -16 )
318	( -145 , -65 )
319	( 99 , 86 )
320	( -81 , -77 )
321	( 81 , 26 )
322	( -74 , 69 )
323	( -143 , 24 )
324	( 92 , -9 )
325	( -147 , -33 )
326	( 2 , -48 )
327	( -109 , -17 )
328	( -103 , 50 )
329	( -75 , -58 )
330	( -23 , 80 )
331	( 178 , -58 )
332	( 81 , -27 )
333	( -39 , 15 )
334	( 120 , 60 )
335	( 69 , 81 )
336	( -87 , 79 )
337	( -72 , -35 )
338	( -37 , 84 )
339	( 156 , 62 )
340	( -20 , -69 )
341	( 180 , 86 )
342	( 93 , -21 )
343	( 8 , -4 )
344	( 172 , -35 )
345	( -110 , -33 )
346	( 126 , 17 )
347	( 14 , -31 )
348	( -150 , 8 )
349	( 151 , 81 )
350	( -4 , 3 )
351	( 108 , 77 )
352	( 93 , -64 )
353	( -160 , 13 )
354	( 157 , 71 )
355	( -177 , -45 )
356	( 125 , -9 )
357	( 86 , -33 )
358	( 160 , -87 )
359	( -29 , -29 )
360	( 118 , 74 )
361	( 39 , 5 )
362	( 49 , -23 )
363	( -145 , 30 )
364	( -37 , 85 )
365	( -101 , 64 )
366	( -164 , 88 )
367	( -54 , 77 )
368	( -66 , -77 )
369	( -103 , 20 )
370	( -62 , 82 )
371	( 16 , -75 )
372	( -73 , 80 )
373	( -10 , -19 )
374	( 128 , -50 )
375	( -41 , -78 )
376	( -136 , 14 )
377	( -138 , 14 )
378	( 148 , -41 )
379	( -75 , -21 )
380	( -163 , -20 )
381	( -118 , 84 )
382	( 62 , -62 )
383	( -106 , 65 )
384	( -144 , 56 )
385	( 180 , 67 )
386	( 109 , 56 )
387	( -177 , 68 )
388	( -48 , 4 )
389	( -98 , 35 )
390	( 145 , 36 )
391	( 112 , -59 )
392	( 30 , -63 )
393	( 82 , -6 )
394	( 133 , 49 )
395	( -175 , -83 )
396	( 102 , 60 )
397	( 23 , 79 )
398	( 101 , 14 )
399	( -32 , -65 )
400	( 86 , 20 )
401	( -73 , -82 )
402	( -100 , 3 )
403	( -85 , -33 )
404	( 26 , -46 )
405	( -104 , -20 )
406	( -164 , 18 )
407	( -6 , -27 )
408	( 29 , 90 )
409	( -43 , 3 )
410	( -26 , 43 )
411	( 178 , -31 )
412	( 107 , 82 )
413	( -149 , 85 )
414	( -92 , -78 )
415	( -147 , 52 )
416	( -140 , -75 )
417	( 164 , -38 )
418	( -35 , 48 )
419	( 163 , -78 )
420	( 141 , -16 )
421	( 143 , 22 )
422	( 22 , 23 )
423	( 180 , -58 )
424	( -55 , -52 )
425	( -51 , 51 )
426	( -108 , 71 )
427	( 77 , 90 )
428	( 43 , 85 )
429	( -91 , -42 )
430	( -26 , -38 )
431	( -155 , 0 )
432	( -126 , -13 )
433	( -81 , 83 )
434	( 53 , -55 )
435	( 160 , 57 )
436	( -163 , -34 )
437	( 46 , -88 )
438	( 124 , -24 )
439	( 97 , -60 )
440	( 165 , 74 )
441	( 45 , -85 )
442	( 77 , -34 )
443	( 31 , -51 )
444	( -46 , 82 )
445	( 61 , -12 )
446	( 6 , 33 )
447	( 50 , 18 )
448	( -57 , -19 )
449	( -10 , -66 )
450	( -53 , -84 )
451	( 12 , -63 )
452	( -83 , 8 )
453	( 84 , 70 )
454	( -85 , 36 )
455	( -125 , -45 )
456	( -109 , -76 )
457	( -69 , 4 )
458	( 60 , -83 )
459	( 104 , 61 )
460	( 122 , -80 )
461	( 32 , 35 )
462	( 9 , 1 )
463	( -73 , -25 )
464	( 62 , -85 )
465	( 63 , -9 )
466	( 144 , 24 )
467	( 113 , 76 )
468	( -46 , -5 )
469	( 94 , -60 )
470	( 29 , 36 )
471	( 164 , 32 )
472	( 108 , -15 )
473	( -95 , -12 )
474	( -45 , -69 )
475	( 156 , -36 )
476	( 39 , 24 )
477	( -74 , -37 )
478	( -18 , 62 )
479	( 46 , 47 )
480	( -92 , -23 )
481	( -103 , -48 )
482	( -172 , 37 )
483	( -53 , 12 )
484	( -84 , -20 )
485	( -127 , -56 )
486	( -80 , 21 )
487	( -87 , -65 )
488	( -143 , 75 )
489	( 142 , -71 )
490	( -83 , 66 )
491	( 177 , 10 )
492	( -145 , -23 )
493	( 123 , -42 )
494	( -58 , 3 )
495	( -11 , 6 )
496	( 126 , 90 )
497	( 153 , -53 )
498	( -5 , 40 )
499	( 54 , -74 )
500	( -157 , 32 )
-999
