TPSpecial.in
31   3  999
1	( -10 , 0 )                         *****************
2	( -10 , -1 )
3	( -10 , 1 )
4	( -11, -1 )
5	( -11,  1 )
6	( -11,  0 )
7	( -9 , -1 )
8	( -9 , 1 )
9	( -9 , 0 )
10	( 10 , 0 )  				*****************
11	( 11 , 0 )                         
12	( 9 , 0 )
13	( 10 , -1)
14	( 10 , 1 )
15	( 11 , -1 )
16	( 11 , 1 )
17	( 9 , 1 )
18	( 9 , -1 )
19	( 0 , 17 )                             *****************
20	( 0 , 15 )
21	( 0 , 16 )
22	( 1 , 17 )
23	( 1 , 15 )
24	( 1 , 16 )
25	( -1 , 17 )
26	( -1 , 16 )
27	( -1 , 15 )
28	( 0 , 18 )
29	( -1 , 18 )                       
30	( 1 , 18 )
31	( 2 , 16 )
-999